0.108 ,0.032 ,0.624 ,0.613 
0.089 ,0.024 ,0.647 ,0.635 
0.031 ,0.083 ,0.691 ,0.673 
0.052 ,0.037 ,0.695 ,0.679 
0.044 ,0.010 ,0.705 ,0.690 
0.000 ,0.021 ,0.715 ,0.694 
0.059 ,0.050 ,0.715 ,0.700 
0.057 ,0.073 ,0.715 ,0.702 
0.048 ,0.080 ,0.716 ,0.702 
0.035 ,0.120 ,0.718 ,0.702 
0.099 ,0.096 ,0.715 ,0.702 
0.047 ,0.000 ,0.715 ,0.702 
0.107 ,0.023 ,0.715 ,0.703 
0.059 ,0.064 ,0.716 ,0.702 
0.116 ,0.014 ,0.715 ,0.702 
0.105 ,0.049 ,0.715 ,0.703 
0.149 ,0.015 ,0.715 ,0.702 
0.111 ,0.017 ,0.715 ,0.702 
0.063 ,0.058 ,0.715 ,0.701 
0.103 ,0.050 ,0.715 ,0.698 
0.110 ,0.007 ,0.715 ,0.693 
0.080 ,0.030 ,0.715 ,0.692 
0.090 ,0.064 ,0.715 ,0.693 
0.122 ,0.038 ,0.715 ,0.693 
0.106 ,0.125 ,0.715 ,0.693 
0.159 ,0.071 ,0.715 ,0.691 
0.129 ,0.027 ,0.714 ,0.693 
0.184 ,0.046 ,0.712 ,0.691 
0.140 ,0.002 ,0.705 ,0.691 
0.176 ,0.070 ,0.704 ,0.690 
0.209 ,0.077 ,0.704 ,0.689 
0.209 ,0.069 ,0.704 ,0.689 
0.218 ,0.063 ,0.704 ,0.685 
0.188 ,0.084 ,0.703 ,0.685 
0.224 ,0.014 ,0.703 ,0.685 
0.220 ,0.077 ,0.703 ,0.691 
0.239 ,0.101 ,0.705 ,0.689 
0.226 ,0.095 ,0.704 ,0.691 
0.179 ,0.114 ,0.705 ,0.691 
0.216 ,0.008 ,0.704 ,0.691 
0.213 ,0.048 ,0.705 ,0.691 
0.218 ,0.101 ,0.704 ,0.691 
0.176 ,0.075 ,0.704 ,0.691 
0.233 ,0.032 ,0.704 ,0.691 
0.236 ,0.089 ,0.704 ,0.691 
0.205 ,0.118 ,0.704 ,0.691 
0.207 ,0.091 ,0.704 ,0.688 
0.207 ,0.141 ,0.704 ,0.689 
0.238 ,0.136 ,0.704 ,0.688 
0.233 ,0.175 ,0.704 ,0.681 
0.184 ,0.119 ,0.704 ,0.680 
0.260 ,0.103 ,0.703 ,0.681 
0.256 ,0.127 ,0.703 ,0.682 
0.196 ,0.167 ,0.702 ,0.680 
0.211 ,0.131 ,0.702 ,0.680 
0.209 ,0.121 ,0.696 ,0.679 
0.171 ,0.148 ,0.695 ,0.679 
0.207 ,0.155 ,0.694 ,0.678 
0.153 ,0.175 ,0.693 ,0.671 
0.216 ,0.140 ,0.694 ,0.671 
0.150 ,0.132 ,0.693 ,0.669 
0.125 ,0.127 ,0.692 ,0.670 
0.176 ,0.104 ,0.692 ,0.669 
0.167 ,0.122 ,0.692 ,0.668 
0.153 ,0.125 ,0.687 ,0.669 
0.140 ,0.095 ,0.686 ,0.668 
0.145 ,0.130 ,0.682 ,0.667 
0.138 ,0.117 ,0.681 ,0.666 
0.114 ,0.089 ,0.681 ,0.662 
0.098 ,0.157 ,0.681 ,0.661 
0.117 ,0.176 ,0.680 ,0.657 
0.087 ,0.128 ,0.676 ,0.657 
0.087 ,0.154 ,0.671 ,0.656 
0.047 ,0.104 ,0.671 ,0.656 
0.104 ,0.125 ,0.671 ,0.647 
0.098 ,0.091 ,0.671 ,0.653 
0.052 ,0.154 ,0.671 ,0.648 
0.058 ,0.096 ,0.670 ,0.646 
0.059 ,0.157 ,0.671 ,0.647 
0.065 ,0.080 ,0.661 ,0.645 
0.042 ,0.068 ,0.660 ,0.645 
0.062 ,0.054 ,0.659 ,0.643 
0.036 ,0.087 ,0.660 ,0.638 
0.031 ,0.076 ,0.657 ,0.634 
0.010 ,0.032 ,0.649 ,0.633 
0.028 ,0.099 ,0.649 ,0.631 
0.010 ,0.089 ,0.647 ,0.622 
0.015 ,0.006 ,0.638 ,0.622 
0.056 ,0.012 ,0.633 ,0.612 
0.036 ,0.068 ,0.624 ,0.602 
0.064 ,0.065 ,0.617 ,0.599 
0.062 ,0.076 ,0.617 ,0.599 
0.029 ,0.048 ,0.624 ,0.601 
0.052 ,0.042 ,0.627 ,0.609 
0.062 ,0.045 ,0.627 ,0.610 
0.053 ,0.054 ,0.629 ,0.611 
0.040 ,0.064 ,0.632 ,0.611 
0.048 ,0.084 ,0.636 ,0.611 
0.075 ,0.044 ,0.629 ,0.607 
0.040 ,0.086 ,0.614 ,0.596 
0.072 ,0.059 ,0.598 ,0.575 
0.084 ,0.046 ,0.580 ,0.561 
0.058 ,0.073 ,0.550 ,0.530 
0.101 ,0.070 ,0.511 ,0.496 
0.048 ,0.063 ,0.504 ,0.485 
0.102 ,0.055 ,0.491 ,0.481 
0.054 ,0.094 ,0.480 ,0.466 
0.062 ,0.080 ,0.459 ,0.447 
0.042 ,0.079 ,0.449 ,0.435 
0.044 ,0.083 ,0.442 ,0.426 
0.058 ,0.094 ,0.420 ,0.398 
0.042 ,0.106 ,0.060 ,0.080 
0.054 ,0.080 ,0.029 ,0.064 
0.086 ,0.096 ,0.163 ,0.205 
0.063 ,0.079 ,0.500 ,0.487 
0.088 ,0.064 ,0.512 ,0.502 
0.089 ,0.088 ,0.522 ,0.510 
0.097 ,0.067 ,0.530 ,0.520 
0.083 ,0.072 ,0.538 ,0.530 
0.076 ,0.088 ,0.542 ,0.531 
0.083 ,0.062 ,0.548 ,0.531 
0.074 ,0.106 ,0.540 ,0.528 
0.088 ,0.066 ,0.532 ,0.520 
0.062 ,0.063 ,0.526 ,0.515 
0.067 ,0.082 ,0.517 ,0.505 
0.074 ,0.068 ,0.507 ,0.496 
0.058 ,0.079 ,0.502 ,0.493 
0.061 ,0.088 ,0.492 ,0.482 
0.110 ,0.080 ,0.484 ,0.473 
0.045 ,0.086 ,0.476 ,0.466 
0.060 ,0.088 ,0.468 ,0.459 
0.085 ,0.097 ,0.460 ,0.452 
0.081 ,0.088 ,0.461 ,0.451 
0.063 ,0.118 ,0.467 ,0.459 
0.048 ,0.103 ,0.476 ,0.466 
0.060 ,0.110 ,0.486 ,0.476 
0.059 ,0.104 ,0.499 ,0.487 
0.070 ,0.071 ,0.508 ,0.498 
0.073 ,0.063 ,0.519 ,0.508 
0.050 ,0.091 ,0.530 ,0.520 
0.049 ,0.068 ,0.540 ,0.531 
0.055 ,0.090 ,0.547 ,0.530 
0.039 ,0.134 ,0.540 ,0.528 
0.104 ,0.087 ,0.528 ,0.517 
0.084 ,0.133 ,0.521 ,0.509 
0.071 ,0.119 ,0.513 ,0.504 
0.085 ,0.104 ,0.504 ,0.489 
0.063 ,0.140 ,0.495 ,0.482 
0.077 ,0.124 ,0.483 ,0.473 
0.071 ,0.123 ,0.472 ,0.464 
0.097 ,0.127 ,0.463 ,0.458 
0.065 ,0.123 ,0.462 ,0.450 
0.037 ,0.113 ,0.463 ,0.453 
0.073 ,0.138 ,0.477 ,0.464 
0.074 ,0.149 ,0.487 ,0.476 
0.110 ,0.152 ,0.497 ,0.485 
0.084 ,0.171 ,0.508 ,0.494 
0.102 ,0.154 ,0.518 ,0.506 
0.112 ,0.152 ,0.527 ,0.516 
0.103 ,0.209 ,0.534 ,0.520 
0.120 ,0.177 ,0.538 ,0.530 
0.129 ,0.181 ,0.542 ,0.530 
0.146 ,0.163 ,0.540 ,0.530 
0.149 ,0.206 ,0.534 ,0.519 
0.180 ,0.182 ,0.526 ,0.510 
0.181 ,0.173 ,0.517 ,0.504 
0.177 ,0.176 ,0.506 ,0.496 
0.175 ,0.210 ,0.504 ,0.487 
0.200 ,0.146 ,0.489 ,0.481 
0.174 ,0.186 ,0.482 ,0.471 
0.214 ,0.238 ,0.473 ,0.462 
0.177 ,0.220 ,0.462 ,0.458 
0.249 ,0.190 ,0.462 ,0.449 
0.240 ,0.193 ,0.462 ,0.451 
0.225 ,0.237 ,0.471 ,0.460 
0.237 ,0.184 ,0.477 ,0.468 
0.223 ,0.153 ,0.486 ,0.474 
0.247 ,0.189 ,0.498 ,0.485 
0.216 ,0.198 ,0.506 ,0.494 
0.258 ,0.258 ,0.511 ,0.501 
0.226 ,0.169 ,0.523 ,0.512 
0.251 ,0.191 ,0.530 ,0.520 
0.223 ,0.179 ,0.541 ,0.528 
0.290 ,0.158 ,0.550 ,0.533 
0.262 ,0.125 ,0.550 ,0.541 
0.277 ,0.193 ,0.548 ,0.533 
0.296 ,0.147 ,0.538 ,0.527 
0.227 ,0.119 ,0.528 ,0.515 
0.278 ,0.139 ,0.521 ,0.507 
0.241 ,0.098 ,0.510 ,0.503 
0.235 ,0.114 ,0.505 ,0.491 
0.180 ,0.083 ,0.493 ,0.484 
0.194 ,0.097 ,0.482 ,0.471 
0.196 ,0.093 ,0.471 ,0.462 
0.238 ,0.088 ,0.469 ,0.460 
0.188 ,0.105 ,0.473 ,0.464 
0.184 ,0.110 ,0.484 ,0.474 
0.181 ,0.093 ,0.491 ,0.484 
0.150 ,0.065 ,0.505 ,0.496 
0.195 ,0.104 ,0.512 ,0.506 
0.187 ,0.128 ,0.525 ,0.514 
0.190 ,0.053 ,0.535 ,0.529 
0.185 ,0.068 ,0.548 ,0.541 
0.215 ,0.053 ,0.565 ,0.556 
0.141 ,0.013 ,0.579 ,0.570 
0.179 ,0.094 ,0.592 ,0.585 
0.198 ,0.032 ,0.612 ,0.602 
0.213 ,0.190 ,0.627 ,0.618 
0.214 ,0.131 ,0.650 ,0.638 
0.152 ,0.064 ,0.693 ,0.676 
0.051 ,0.064 ,0.703 ,0.681 
0.135 ,0.101 ,0.703 ,0.682 
0.097 ,0.069 ,0.709 ,0.693 
0.196 ,0.073 ,0.719 ,0.703 
0.095 ,0.065 ,0.725 ,0.709 
0.133 ,0.039 ,0.726 ,0.714 
0.152 ,0.076 ,0.726 ,0.715 
0.158 ,0.086 ,0.726 ,0.714 
0.169 ,0.039 ,0.726 ,0.715 
0.164 ,0.087 ,0.726 ,0.714 
0.145 ,0.048 ,0.726 ,0.714 
0.184 ,0.089 ,0.727 ,0.714 
0.144 ,0.144 ,0.727 ,0.714 
0.203 ,0.019 ,0.736 ,0.717 
0.167 ,0.038 ,0.736 ,0.721 
0.170 ,0.137 ,0.737 ,0.718 
0.199 ,0.091 ,0.737 ,0.716 
0.214 ,0.012 ,0.737 ,0.719 
0.220 ,0.024 ,0.737 ,0.714 
0.217 ,0.132 ,0.736 ,0.716 
0.189 ,0.100 ,0.734 ,0.715 
0.226 ,0.080 ,0.734 ,0.714 
0.235 ,0.125 ,0.726 ,0.715 
0.269 ,0.154 ,0.727 ,0.714 
0.248 ,0.116 ,0.727 ,0.714 
0.272 ,0.142 ,0.725 ,0.714 
0.292 ,0.137 ,0.726 ,0.714 
0.293 ,0.121 ,0.727 ,0.714 
0.200 ,0.139 ,0.727 ,0.714 
0.279 ,0.115 ,0.726 ,0.714 
0.313 ,0.136 ,0.733 ,0.714 
0.269 ,0.199 ,0.726 ,0.714 
0.280 ,0.187 ,0.727 ,0.714 
0.337 ,0.142 ,0.726 ,0.712 
0.262 ,0.145 ,0.726 ,0.713 
0.291 ,0.242 ,0.726 ,0.711 
0.309 ,0.114 ,0.725 ,0.712 
0.245 ,0.180 ,0.727 ,0.714 
0.305 ,0.212 ,0.726 ,0.714 
0.295 ,0.198 ,0.727 ,0.714 
0.309 ,0.195 ,0.727 ,0.714 
0.269 ,0.191 ,0.727 ,0.714 
0.285 ,0.178 ,0.726 ,0.713 
0.280 ,0.211 ,0.727 ,0.714 
0.264 ,0.182 ,0.726 ,0.712 
0.259 ,0.206 ,0.726 ,0.711 
0.263 ,0.226 ,0.726 ,0.708 
0.271 ,0.191 ,0.726 ,0.704 
0.231 ,0.230 ,0.726 ,0.704 
0.243 ,0.166 ,0.726 ,0.704 
0.267 ,0.197 ,0.724 ,0.702 
0.210 ,0.194 ,0.724 ,0.702 
0.228 ,0.242 ,0.719 ,0.702 
0.227 ,0.236 ,0.715 ,0.702 
0.195 ,0.191 ,0.715 ,0.702 
0.220 ,0.163 ,0.715 ,0.702 
0.188 ,0.205 ,0.715 ,0.700 
0.160 ,0.144 ,0.715 ,0.691 
0.164 ,0.172 ,0.715 ,0.693 
0.184 ,0.178 ,0.713 ,0.691 
0.181 ,0.182 ,0.707 ,0.691 
0.183 ,0.142 ,0.707 ,0.691 
0.140 ,0.173 ,0.704 ,0.691 
0.121 ,0.218 ,0.704 ,0.691 
0.162 ,0.232 ,0.704 ,0.688 
0.183 ,0.186 ,0.704 ,0.680 
0.119 ,0.155 ,0.700 ,0.679 
0.132 ,0.167 ,0.693 ,0.678 
0.139 ,0.110 ,0.693 ,0.676 
0.148 ,0.143 ,0.692 ,0.670 
0.156 ,0.176 ,0.686 ,0.668 
0.143 ,0.127 ,0.682 ,0.666 
0.124 ,0.118 ,0.681 ,0.664 
0.121 ,0.141 ,0.680 ,0.659 
0.123 ,0.125 ,0.673 ,0.655 
0.154 ,0.146 ,0.669 ,0.647 
0.131 ,0.148 ,0.660 ,0.646 
0.122 ,0.094 ,0.658 ,0.641 
0.142 ,0.121 ,0.653 ,0.635 
0.096 ,0.124 ,0.643 ,0.622 
0.127 ,0.151 ,0.631 ,0.611 
0.137 ,0.122 ,0.621 ,0.599 
0.140 ,0.172 ,0.616 ,0.597 
0.139 ,0.128 ,0.612 ,0.590 
0.135 ,0.138 ,0.606 ,0.588 
0.141 ,0.154 ,0.609 ,0.588 
0.141 ,0.113 ,0.606 ,0.588 
0.156 ,0.134 ,0.607 ,0.588 
0.159 ,0.105 ,0.607 ,0.587 
0.157 ,0.130 ,0.611 ,0.588 
0.153 ,0.131 ,0.614 ,0.589 
0.162 ,0.110 ,0.615 ,0.590 
0.182 ,0.089 ,0.616 ,0.595 
0.181 ,0.118 ,0.616 ,0.598 
0.167 ,0.122 ,0.616 ,0.599 
0.168 ,0.118 ,0.617 ,0.599 
0.163 ,0.142 ,0.617 ,0.599 
0.170 ,0.139 ,0.616 ,0.599 
0.195 ,0.132 ,0.616 ,0.599 
0.177 ,0.140 ,0.616 ,0.599 
0.171 ,0.140 ,0.617 ,0.599 
0.178 ,0.150 ,0.617 ,0.599 
0.183 ,0.141 ,0.617 ,0.600 
0.203 ,0.165 ,0.618 ,0.600 
0.203 ,0.153 ,0.627 ,0.604 
0.202 ,0.150 ,0.627 ,0.600 
0.202 ,0.161 ,0.625 ,0.601 
0.210 ,0.163 ,0.619 ,0.598 
0.209 ,0.173 ,0.609 ,0.586 
0.212 ,0.161 ,0.593 ,0.574 
0.206 ,0.158 ,0.578 ,0.560 
0.207 ,0.165 ,0.551 ,0.532 
0.210 ,0.179 ,0.513 ,0.498 
0.209 ,0.161 ,0.506 ,0.492 
0.217 ,0.191 ,0.498 ,0.484 
0.220 ,0.167 ,0.492 ,0.482 
0.220 ,0.171 ,0.482 ,0.471 
0.218 ,0.190 ,0.476 ,0.463 
0.219 ,0.193 ,0.466 ,0.459 
0.227 ,0.180 ,0.461 ,0.452 
0.238 ,0.199 ,0.462 ,0.452 
0.233 ,0.187 ,0.474 ,0.461 
0.232 ,0.181 ,0.483 ,0.473 
0.236 ,0.186 ,0.493 ,0.483 
0.228 ,0.188 ,0.503 ,0.491 
0.232 ,0.194 ,0.512 ,0.502 
0.245 ,0.179 ,0.525 ,0.511 
0.224 ,0.214 ,0.534 ,0.520 
0.238 ,0.174 ,0.539 ,0.530 
0.232 ,0.218 ,0.539 ,0.530 
0.234 ,0.201 ,0.536 ,0.528 
0.245 ,0.189 ,0.528 ,0.517 
0.230 ,0.202 ,0.521 ,0.507 
0.241 ,0.210 ,0.513 ,0.505 
0.238 ,0.198 ,0.504 ,0.492 
0.238 ,0.207 ,0.495 ,0.485 
0.251 ,0.213 ,0.487 ,0.475 
0.237 ,0.202 ,0.482 ,0.470 
0.248 ,0.205 ,0.471 ,0.460 
0.245 ,0.201 ,0.462 ,0.454 
0.245 ,0.200 ,0.461 ,0.449 
0.244 ,0.200 ,0.463 ,0.455 
0.253 ,0.205 ,0.472 ,0.462 
0.245 ,0.200 ,0.482 ,0.474 
0.248 ,0.196 ,0.494 ,0.483 
0.255 ,0.218 ,0.506 ,0.495 
0.249 ,0.207 ,0.511 ,0.503 
0.247 ,0.216 ,0.525 ,0.515 
0.241 ,0.192 ,0.534 ,0.522 
0.247 ,0.219 ,0.540 ,0.530 
0.252 ,0.219 ,0.548 ,0.531 
0.241 ,0.214 ,0.540 ,0.531 
0.255 ,0.224 ,0.534 ,0.521 
0.249 ,0.202 ,0.526 ,0.513 
0.246 ,0.212 ,0.518 ,0.505 
0.250 ,0.205 ,0.510 ,0.497 
0.257 ,0.213 ,0.503 ,0.489 
0.270 ,0.214 ,0.495 ,0.482 
0.252 ,0.232 ,0.484 ,0.476 
0.250 ,0.227 ,0.480 ,0.466 
0.249 ,0.227 ,0.470 ,0.459 
0.257 ,0.209 ,0.462 ,0.453 
0.256 ,0.200 ,0.462 ,0.451 
0.244 ,0.228 ,0.467 ,0.460 
0.254 ,0.201 ,0.481 ,0.471 
0.263 ,0.223 ,0.488 ,0.483 
0.269 ,0.206 ,0.500 ,0.491 
0.255 ,0.209 ,0.512 ,0.501 
0.255 ,0.229 ,0.522 ,0.511 
0.260 ,0.228 ,0.536 ,0.523 
0.257 ,0.226 ,0.548 ,0.530 
0.267 ,0.214 ,0.548 ,0.532 
0.275 ,0.223 ,0.538 ,0.529 
0.266 ,0.204 ,0.528 ,0.519 
0.268 ,0.225 ,0.525 ,0.512 
0.272 ,0.214 ,0.515 ,0.505 
0.272 ,0.204 ,0.506 ,0.494 
0.276 ,0.211 ,0.497 ,0.485 
0.266 ,0.227 ,0.486 ,0.477 
0.255 ,0.223 ,0.480 ,0.469 
0.279 ,0.221 ,0.470 ,0.459 
0.272 ,0.228 ,0.460 ,0.449 
0.278 ,0.225 ,0.454 ,0.448 
0.276 ,0.232 ,0.452 ,0.445 
0.252 ,0.228 ,0.461 ,0.449 
0.271 ,0.208 ,0.469 ,0.460 
0.263 ,0.217 ,0.482 ,0.469 
0.275 ,0.218 ,0.487 ,0.480 
0.256 ,0.215 ,0.499 ,0.487 
0.278 ,0.212 ,0.510 ,0.498 
0.308 ,0.191 ,0.520 ,0.508 
0.271 ,0.210 ,0.528 ,0.520 
0.271 ,0.211 ,0.537 ,0.528 
0.274 ,0.220 ,0.540 ,0.530 
0.282 ,0.187 ,0.548 ,0.530 
0.270 ,0.221 ,0.538 ,0.528 
0.271 ,0.220 ,0.528 ,0.519 
0.254 ,0.259 ,0.526 ,0.508 
0.277 ,0.235 ,0.514 ,0.505 
0.272 ,0.189 ,0.506 ,0.496 
0.267 ,0.206 ,0.500 ,0.488 
0.275 ,0.226 ,0.493 ,0.482 
0.280 ,0.230 ,0.485 ,0.470 
0.279 ,0.207 ,0.476 ,0.461 
0.262 ,0.232 ,0.469 ,0.459 
0.261 ,0.231 ,0.463 ,0.455 
0.259 ,0.244 ,0.464 ,0.459 
0.263 ,0.242 ,0.478 ,0.467 
0.275 ,0.240 ,0.484 ,0.474 
0.260 ,0.243 ,0.494 ,0.485 
0.258 ,0.268 ,0.506 ,0.496 
0.249 ,0.249 ,0.515 ,0.507 
0.271 ,0.244 ,0.527 ,0.515 
0.237 ,0.266 ,0.539 ,0.523 
0.242 ,0.242 ,0.540 ,0.530 
0.255 ,0.246 ,0.540 ,0.530 
0.243 ,0.276 ,0.536 ,0.525 
0.264 ,0.246 ,0.528 ,0.516 
0.254 ,0.284 ,0.519 ,0.507 
0.254 ,0.257 ,0.509 ,0.502 
0.255 ,0.252 ,0.502 ,0.490 
0.241 ,0.266 ,0.492 ,0.482 
0.250 ,0.274 ,0.484 ,0.473 
0.251 ,0.272 ,0.477 ,0.467 
0.235 ,0.278 ,0.463 ,0.458 
0.252 ,0.280 ,0.460 ,0.448 
0.228 ,0.339 ,0.456 ,0.447 
0.243 ,0.300 ,0.462 ,0.451 
0.251 ,0.314 ,0.471 ,0.462 
0.251 ,0.278 ,0.484 ,0.473 
0.217 ,0.352 ,0.491 ,0.485 
0.239 ,0.291 ,0.501 ,0.490 
0.257 ,0.312 ,0.510 ,0.499 
0.236 ,0.319 ,0.524 ,0.509 
0.241 ,0.319 ,0.531 ,0.520 
0.286 ,0.327 ,0.539 ,0.529 
0.256 ,0.337 ,0.543 ,0.531 
0.238 ,0.353 ,0.548 ,0.531 
0.243 ,0.338 ,0.540 ,0.528 
0.244 ,0.334 ,0.532 ,0.519 
0.299 ,0.334 ,0.526 ,0.509 
0.271 ,0.383 ,0.517 ,0.505 
0.311 ,0.353 ,0.507 ,0.496 
0.303 ,0.351 ,0.503 ,0.486 
0.318 ,0.381 ,0.493 ,0.482 
0.316 ,0.393 ,0.484 ,0.471 
0.334 ,0.418 ,0.477 ,0.461 
0.310 ,0.411 ,0.466 ,0.458 
0.347 ,0.401 ,0.462 ,0.450 
0.368 ,0.433 ,0.462 ,0.451 
0.381 ,0.402 ,0.472 ,0.459 
0.405 ,0.429 ,0.476 ,0.465 
0.393 ,0.374 ,0.486 ,0.477 
0.391 ,0.447 ,0.496 ,0.485 
0.428 ,0.339 ,0.505 ,0.491 
0.434 ,0.453 ,0.511 ,0.503 
0.467 ,0.403 ,0.521 ,0.510 
0.453 ,0.440 ,0.529 ,0.518 
0.463 ,0.368 ,0.539 ,0.528 
0.483 ,0.429 ,0.546 ,0.531 
0.442 ,0.429 ,0.548 ,0.532 
0.457 ,0.424 ,0.539 ,0.531 
0.465 ,0.425 ,0.532 ,0.521 
0.480 ,0.444 ,0.527 ,0.515 
0.487 ,0.376 ,0.517 ,0.507 
0.486 ,0.410 ,0.509 ,0.499 
0.495 ,0.400 ,0.504 ,0.492 
0.534 ,0.393 ,0.495 ,0.484 
0.503 ,0.375 ,0.487 ,0.481 
0.505 ,0.416 ,0.482 ,0.470 
0.497 ,0.375 ,0.475 ,0.461 
0.470 ,0.364 ,0.473 ,0.462 
0.488 ,0.330 ,0.477 ,0.466 
0.417 ,0.368 ,0.488 ,0.475 
0.441 ,0.389 ,0.498 ,0.487 
0.472 ,0.368 ,0.508 ,0.496 
0.467 ,0.376 ,0.519 ,0.507 
0.501 ,0.409 ,0.529 ,0.519 
0.453 ,0.309 ,0.539 ,0.528 
0.417 ,0.377 ,0.542 ,0.531 
0.460 ,0.381 ,0.550 ,0.539 
0.442 ,0.366 ,0.550 ,0.542 
0.428 ,0.351 ,0.548 ,0.532 
0.420 ,0.407 ,0.541 ,0.529 
0.441 ,0.357 ,0.533 ,0.519 
0.378 ,0.360 ,0.526 ,0.507 
0.425 ,0.404 ,0.517 ,0.505 
0.419 ,0.424 ,0.507 ,0.495 
0.357 ,0.383 ,0.504 ,0.489 
0.373 ,0.386 ,0.493 ,0.482 
0.355 ,0.452 ,0.484 ,0.473 
0.366 ,0.373 ,0.482 ,0.470 
0.382 ,0.385 ,0.470 ,0.460 
0.357 ,0.383 ,0.469 ,0.460 
0.342 ,0.388 ,0.475 ,0.463 
0.359 ,0.376 ,0.485 ,0.473 
0.395 ,0.452 ,0.491 ,0.483 
0.432 ,0.444 ,0.499 ,0.492 
0.418 ,0.447 ,0.509 ,0.497 
0.420 ,0.475 ,0.521 ,0.506 
0.446 ,0.467 ,0.528 ,0.518 
0.471 ,0.493 ,0.539 ,0.529 
0.511 ,0.561 ,0.541 ,0.531 
0.488 ,0.623 ,0.549 ,0.535 
0.513 ,0.555 ,0.550 ,0.538 
0.553 ,0.587 ,0.547 ,0.530 
0.575 ,0.634 ,0.535 ,0.522 
0.594 ,0.586 ,0.529 ,0.517 
0.656 ,0.596 ,0.524 ,0.509 
0.728 ,0.624 ,0.508 ,0.499 
0.743 ,0.578 ,0.503 ,0.485 
0.765 ,0.514 ,0.488 ,0.480 
0.716 ,0.550 ,0.481 ,0.469 
0.727 ,0.575 ,0.474 ,0.461 
0.774 ,0.486 ,0.471 ,0.461 
0.761 ,0.463 ,0.472 ,0.462 
0.700 ,0.410 ,0.479 ,0.473 
0.713 ,0.345 ,0.493 ,0.483 
0.748 ,0.380 ,0.500 ,0.489 
0.698 ,0.318 ,0.512 ,0.500 
0.693 ,0.339 ,0.522 ,0.511 
0.671 ,0.215 ,0.534 ,0.522 
0.628 ,0.316 ,0.546 ,0.536 
0.596 ,0.277 ,0.559 ,0.548 
0.541 ,0.289 ,0.574 ,0.567 
0.532 ,0.286 ,0.590 ,0.581 
0.629 ,0.305 ,0.609 ,0.600 
0.584 ,0.337 ,0.623 ,0.616 
0.665 ,0.308 ,0.638 ,0.628 
0.595 ,0.329 ,0.668 ,0.656 
0.416 ,0.364 ,0.705 ,0.689 
0.449 ,0.439 ,0.707 ,0.691 
0.432 ,0.398 ,0.717 ,0.698 
0.446 ,0.411 ,0.725 ,0.704 
0.503 ,0.460 ,0.727 ,0.713 
0.428 ,0.430 ,0.730 ,0.714 
0.388 ,0.357 ,0.735 ,0.714 
0.381 ,0.376 ,0.736 ,0.714 
0.435 ,0.385 ,0.736 ,0.714 
0.410 ,0.322 ,0.736 ,0.714 
0.384 ,0.349 ,0.737 ,0.715 
0.449 ,0.369 ,0.737 ,0.715 
0.434 ,0.409 ,0.737 ,0.715 
0.471 ,0.419 ,0.737 ,0.715 
0.399 ,0.415 ,0.737 ,0.719 
0.479 ,0.331 ,0.736 ,0.715 
0.465 ,0.437 ,0.736 ,0.714 
0.354 ,0.307 ,0.732 ,0.714 
0.419 ,0.408 ,0.727 ,0.714 
0.350 ,0.288 ,0.726 ,0.714 
0.479 ,0.361 ,0.727 ,0.714 
0.464 ,0.340 ,0.735 ,0.715 
0.422 ,0.371 ,0.736 ,0.718 
0.442 ,0.407 ,0.735 ,0.714 
0.486 ,0.452 ,0.726 ,0.714 
0.435 ,0.385 ,0.726 ,0.714 
0.411 ,0.332 ,0.726 ,0.714 
0.436 ,0.408 ,0.732 ,0.714 
0.493 ,0.366 ,0.736 ,0.714 
0.443 ,0.373 ,0.736 ,0.714 
0.527 ,0.321 ,0.736 ,0.714 
0.443 ,0.391 ,0.732 ,0.714 
0.456 ,0.316 ,0.735 ,0.714 
0.463 ,0.365 ,0.727 ,0.714 
0.502 ,0.354 ,0.726 ,0.714 
0.513 ,0.380 ,0.727 ,0.714 
0.458 ,0.321 ,0.726 ,0.712 
0.514 ,0.333 ,0.726 ,0.708 
0.494 ,0.336 ,0.726 ,0.707 
0.460 ,0.289 ,0.726 ,0.703 
0.479 ,0.349 ,0.726 ,0.702 
0.530 ,0.369 ,0.726 ,0.702 
0.476 ,0.331 ,0.725 ,0.702 
0.495 ,0.381 ,0.725 ,0.702 
0.582 ,0.302 ,0.726 ,0.702 
0.513 ,0.375 ,0.724 ,0.702 
0.497 ,0.313 ,0.722 ,0.702 
0.492 ,0.298 ,0.720 ,0.702 
0.541 ,0.330 ,0.720 ,0.702 
0.562 ,0.316 ,0.715 ,0.701 
0.561 ,0.341 ,0.715 ,0.699 
0.573 ,0.365 ,0.715 ,0.694 
0.599 ,0.373 ,0.715 ,0.691 
0.531 ,0.264 ,0.715 ,0.690 
0.571 ,0.383 ,0.715 ,0.692 
0.530 ,0.215 ,0.715 ,0.691 
0.587 ,0.304 ,0.714 ,0.691 
0.583 ,0.362 ,0.711 ,0.691 
0.565 ,0.254 ,0.707 ,0.691 
0.628 ,0.296 ,0.704 ,0.691 
0.589 ,0.266 ,0.704 ,0.691 
0.598 ,0.331 ,0.704 ,0.690 
0.627 ,0.327 ,0.705 ,0.690 
0.597 ,0.343 ,0.704 ,0.688 
0.616 ,0.316 ,0.703 ,0.681 
0.676 ,0.341 ,0.704 ,0.680 
0.652 ,0.272 ,0.702 ,0.679 
0.606 ,0.343 ,0.702 ,0.679 
0.687 ,0.339 ,0.697 ,0.678 
0.711 ,0.241 ,0.692 ,0.668 
0.683 ,0.355 ,0.693 ,0.669 
0.623 ,0.341 ,0.684 ,0.668 
0.721 ,0.359 ,0.682 ,0.667 
0.681 ,0.310 ,0.681 ,0.665 
0.704 ,0.335 ,0.680 ,0.657 
0.721 ,0.324 ,0.674 ,0.656 
0.764 ,0.319 ,0.671 ,0.654 
0.724 ,0.379 ,0.670 ,0.645 
0.722 ,0.367 ,0.670 ,0.646 
0.766 ,0.345 ,0.667 ,0.645 
0.773 ,0.398 ,0.660 ,0.645 
0.737 ,0.278 ,0.659 ,0.642 
0.785 ,0.366 ,0.658 ,0.634 
0.755 ,0.443 ,0.649 ,0.632 
0.800 ,0.424 ,0.641 ,0.623 
0.760 ,0.452 ,0.630 ,0.610 
0.793 ,0.444 ,0.624 ,0.600 
0.774 ,0.527 ,0.616 ,0.598 
0.773 ,0.446 ,0.615 ,0.599 
0.790 ,0.544 ,0.618 ,0.599 
0.809 ,0.583 ,0.620 ,0.599 
0.774 ,0.531 ,0.617 ,0.599 
0.824 ,0.551 ,0.617 ,0.599 
0.774 ,0.511 ,0.616 ,0.599 
0.834 ,0.628 ,0.616 ,0.599 
0.861 ,0.558 ,0.616 ,0.599 
0.831 ,0.516 ,0.616 ,0.599 
0.814 ,0.615 ,0.616 ,0.599 
0.772 ,0.598 ,0.616 ,0.597 
0.810 ,0.562 ,0.615 ,0.594 
0.776 ,0.498 ,0.610 ,0.587 
0.722 ,0.615 ,0.605 ,0.587 
0.789 ,0.647 ,0.604 ,0.583 
0.775 ,0.671 ,0.603 ,0.575 
0.769 ,0.668 ,0.593 ,0.578 
0.722 ,0.643 ,0.595 ,0.576 
0.708 ,0.602 ,0.594 ,0.574 
0.767 ,0.624 ,0.592 ,0.570 
0.762 ,0.684 ,0.585 ,0.564 
0.720 ,0.726 ,0.583 ,0.564 
0.778 ,0.649 ,0.583 ,0.562 
0.680 ,0.658 ,0.579 ,0.555 
0.764 ,0.707 ,0.577 ,0.555 
0.716 ,0.793 ,0.572 ,0.557 
0.821 ,0.619 ,0.570 ,0.550 
0.846 ,0.617 ,0.540 ,0.520 
0.763 ,0.582 ,0.525 ,0.510 
0.884 ,0.430 ,0.539 ,0.520 
0.792 ,0.457 ,0.539 ,0.526 
0.751 ,0.347 ,0.545 ,0.528 
0.798 ,0.432 ,0.391 ,0.379 
0.844 ,0.567 ,0.142 ,0.172 
0.754 ,0.711 ,0.478 ,0.481 
0.801 ,0.637 ,0.548 ,0.536 
0.824 ,0.524 ,0.537 ,0.524 
0.784 ,0.629 ,0.527 ,0.515 
0.831 ,0.551 ,0.516 ,0.504 
0.854 ,0.579 ,0.504 ,0.493 
0.806 ,0.506 ,0.493 ,0.482 
0.832 ,0.509 ,0.483 ,0.473 
0.829 ,0.454 ,0.473 ,0.461 
0.839 ,0.481 ,0.461 ,0.459 
0.783 ,0.460 ,0.470 ,0.459 
0.762 ,0.462 ,0.474 ,0.462 
0.748 ,0.316 ,0.482 ,0.471 
0.794 ,0.393 ,0.486 ,0.474 
0.784 ,0.357 ,0.494 ,0.483 
0.798 ,0.301 ,0.501 ,0.483 
0.716 ,0.411 ,0.506 ,0.494 
0.713 ,0.355 ,0.511 ,0.502 
0.684 ,0.359 ,0.519 ,0.508 
0.622 ,0.290 ,0.528 ,0.518 
0.644 ,0.347 ,0.536 ,0.526 
0.511 ,0.313 ,0.545 ,0.531 
0.534 ,0.341 ,0.553 ,0.543 
0.524 ,0.446 ,0.562 ,0.552 
0.573 ,0.402 ,0.570 ,0.555 
0.559 ,0.346 ,0.577 ,0.565 
0.440 ,0.463 ,0.575 ,0.563 
0.418 ,0.344 ,0.570 ,0.553 
0.406 ,0.372 ,0.559 ,0.545 
0.427 ,0.500 ,0.550 ,0.538 
0.407 ,0.446 ,0.541 ,0.528 
0.382 ,0.444 ,0.528 ,0.517 
0.412 ,0.490 ,0.521 ,0.505 
0.406 ,0.515 ,0.507 ,0.492 
0.379 ,0.483 ,0.493 ,0.481 
0.395 ,0.579 ,0.480 ,0.470 
0.432 ,0.624 ,0.466 ,0.459 
0.464 ,0.605 ,0.463 ,0.453 
0.416 ,0.669 ,0.472 ,0.461 
0.439 ,0.658 ,0.474 ,0.463 
0.461 ,0.635 ,0.484 ,0.473 
0.468 ,0.652 ,0.488 ,0.477 
0.413 ,0.721 ,0.496 ,0.485 
0.459 ,0.665 ,0.507 ,0.493 
0.439 ,0.677 ,0.517 ,0.505 
0.492 ,0.696 ,0.526 ,0.513 
0.524 ,0.724 ,0.535 ,0.523 
0.509 ,0.769 ,0.543 ,0.534 
0.557 ,0.706 ,0.554 ,0.545 
0.503 ,0.772 ,0.565 ,0.556 
0.566 ,0.808 ,0.581 ,0.569 
0.509 ,0.846 ,0.595 ,0.583 
0.538 ,0.785 ,0.607 ,0.600 
0.508 ,0.745 ,0.622 ,0.610 
0.629 ,0.778 ,0.660 ,0.643 
0.763 ,0.882 ,0.679 ,0.657 
0.749 ,0.856 ,0.679 ,0.662 
0.818 ,0.906 ,0.686 ,0.669 
0.754 ,0.828 ,0.692 ,0.669 
0.731 ,0.933 ,0.692 ,0.679 
0.764 ,0.889 ,0.694 ,0.679 
0.757 ,0.957 ,0.699 ,0.680 
0.736 ,0.899 ,0.697 ,0.680 
0.710 ,0.869 ,0.694 ,0.679 
0.735 ,0.907 ,0.694 ,0.681 
0.771 ,1.000 ,0.696 ,0.679 
0.737 ,0.806 ,0.698 ,0.681 
0.768 ,0.900 ,0.701 ,0.679 
0.686 ,0.893 ,0.703 ,0.680 
0.677 ,0.828 ,0.702 ,0.680 
0.717 ,0.868 ,0.702 ,0.681 
0.733 ,0.850 ,0.701 ,0.680 
0.664 ,0.869 ,0.700 ,0.679 
0.717 ,0.915 ,0.695 ,0.680 
0.687 ,0.854 ,0.693 ,0.679 
0.675 ,0.844 ,0.693 ,0.679 
0.692 ,0.771 ,0.693 ,0.678 
0.640 ,0.809 ,0.692 ,0.670 
0.645 ,0.857 ,0.692 ,0.670 
0.630 ,0.886 ,0.692 ,0.668 
0.584 ,0.796 ,0.689 ,0.670 
0.641 ,0.810 ,0.689 ,0.669 
0.645 ,0.743 ,0.687 ,0.668 
0.601 ,0.783 ,0.682 ,0.668 
0.607 ,0.749 ,0.681 ,0.668 
0.589 ,0.786 ,0.682 ,0.668 
0.559 ,0.804 ,0.683 ,0.668 
0.573 ,0.713 ,0.682 ,0.669 
0.561 ,0.777 ,0.685 ,0.667 
0.567 ,0.647 ,0.683 ,0.668 
0.519 ,0.717 ,0.684 ,0.669 
0.576 ,0.759 ,0.685 ,0.670 
0.495 ,0.631 ,0.687 ,0.668 
0.484 ,0.755 ,0.682 ,0.668 
0.563 ,0.727 ,0.691 ,0.669 
0.470 ,0.729 ,0.688 ,0.670 
0.475 ,0.670 ,0.687 ,0.669 
0.529 ,0.677 ,0.692 ,0.669 
0.484 ,0.654 ,0.692 ,0.668 
0.475 ,0.657 ,0.691 ,0.669 
0.477 ,0.709 ,0.692 ,0.670 
0.495 ,0.651 ,0.692 ,0.669 
0.417 ,0.612 ,0.692 ,0.669 
0.480 ,0.618 ,0.690 ,0.672 
0.498 ,0.626 ,0.692 ,0.668 
0.468 ,0.661 ,0.692 ,0.669 
0.465 ,0.572 ,0.692 ,0.669 
0.455 ,0.610 ,0.691 ,0.669 
0.468 ,0.620 ,0.692 ,0.669 
0.466 ,0.548 ,0.692 ,0.669 
0.460 ,0.534 ,0.692 ,0.668 
0.411 ,0.552 ,0.692 ,0.669 
0.435 ,0.592 ,0.692 ,0.669 
0.496 ,0.581 ,0.692 ,0.672 
0.448 ,0.528 ,0.692 ,0.674 
0.437 ,0.477 ,0.692 ,0.671 
0.444 ,0.549 ,0.693 ,0.668 
0.409 ,0.468 ,0.690 ,0.668 
0.418 ,0.502 ,0.690 ,0.668 
0.428 ,0.460 ,0.692 ,0.668 
0.407 ,0.413 ,0.689 ,0.669 
0.402 ,0.446 ,0.687 ,0.668 
0.384 ,0.441 ,0.684 ,0.669 
0.376 ,0.431 ,0.682 ,0.669 
0.368 ,0.454 ,0.683 ,0.668 
0.403 ,0.476 ,0.682 ,0.668 
0.396 ,0.453 ,0.681 ,0.669 
0.389 ,0.459 ,0.682 ,0.668 
0.385 ,0.385 ,0.683 ,0.668 
0.388 ,0.335 ,0.682 ,0.668 
0.397 ,0.260 ,0.683 ,0.668 
0.428 ,0.335 ,0.682 ,0.668 
0.436 ,0.372 ,0.682 ,0.668 
0.442 ,0.211 ,0.682 ,0.668 
0.355 ,0.253 ,0.681 ,0.667 
0.415 ,0.231 ,0.681 ,0.667 
0.488 ,0.357 ,0.681 ,0.667 
0.444 ,0.245 ,0.680 ,0.662 
0.432 ,0.225 ,0.679 ,0.660 
0.434 ,0.244 ,0.675 ,0.657 
0.467 ,0.249 ,0.671 ,0.657 
0.509 ,0.197 ,0.671 ,0.655 
0.454 ,0.231 ,0.665 ,0.646 
0.470 ,0.207 ,0.658 ,0.642 
0.530 ,0.202 ,0.649 ,0.632 
0.500 ,0.162 ,0.649 ,0.628 
0.489 ,0.236 ,0.649 ,0.633 
0.503 ,0.234 ,0.650 ,0.633 
0.537 ,0.252 ,0.655 ,0.635 
0.546 ,0.173 ,0.651 ,0.634 
0.595 ,0.238 ,0.650 ,0.634 
0.569 ,0.179 ,0.649 ,0.632 
0.574 ,0.295 ,0.649 ,0.632 
0.684 ,0.348 ,0.649 ,0.623 
0.639 ,0.321 ,0.646 ,0.622 
0.662 ,0.200 ,0.645 ,0.622 
0.667 ,0.330 ,0.638 ,0.622 
0.653 ,0.324 ,0.638 ,0.622 
0.655 ,0.427 ,0.638 ,0.622 
0.697 ,0.455 ,0.638 ,0.622 
0.666 ,0.378 ,0.638 ,0.622 
0.659 ,0.345 ,0.638 ,0.622 
0.663 ,0.398 ,0.638 ,0.622 
0.724 ,0.394 ,0.638 ,0.622 
0.684 ,0.489 ,0.638 ,0.620 
0.705 ,0.476 ,0.636 ,0.615 
0.721 ,0.559 ,0.634 ,0.611 
0.708 ,0.488 ,0.632 ,0.611 
0.642 ,0.478 ,0.632 ,0.612 
0.681 ,0.554 ,0.632 ,0.611 
0.659 ,0.565 ,0.632 ,0.611 
0.604 ,0.552 ,0.630 ,0.610 
0.591 ,0.495 ,0.632 ,0.610 
0.572 ,0.558 ,0.627 ,0.610 
0.597 ,0.584 ,0.627 ,0.610 
0.445 ,0.518 ,0.627 ,0.609 
0.555 ,0.497 ,0.626 ,0.604 
0.492 ,0.497 ,0.625 ,0.600 
0.455 ,0.546 ,0.620 ,0.600 
0.475 ,0.406 ,0.616 ,0.599 
0.396 ,0.499 ,0.616 ,0.599 
0.357 ,0.475 ,0.616 ,0.597 
0.400 ,0.410 ,0.614 ,0.588 
0.394 ,0.411 ,0.605 ,0.588 
0.366 ,0.400 ,0.602 ,0.581 
0.323 ,0.456 ,0.594 ,0.576 
0.340 ,0.262 ,0.592 ,0.574 
0.312 ,0.359 ,0.584 ,0.564 
0.311 ,0.411 ,0.580 ,0.562 
0.358 ,0.360 ,0.570 ,0.552 
0.350 ,0.456 ,0.557 ,0.540 
0.407 ,0.422 ,0.534 ,0.514 
0.398 ,0.403 ,0.509 ,0.494 
0.455 ,0.548 ,0.515 ,0.499 
0.609 ,0.612 ,0.509 ,0.500 
0.694 ,0.487 ,0.505 ,0.489 
0.386 ,0.154 ,0.504 ,0.486 
0.486 ,0.256 ,0.308 ,0.301 
0.457 ,0.209 ,0.263 ,0.260 
0.465 ,0.235 ,0.277 ,0.278 
0.413 ,0.226 ,0.288 ,0.291 
0.413 ,0.318 ,0.298 ,0.300 
0.419 ,0.243 ,0.301 ,0.306 
0.349 ,0.229 ,0.308 ,0.310 
0.411 ,0.195 ,0.308 ,0.319 
0.417 ,0.271 ,0.310 ,0.322 
0.342 ,0.139 ,0.318 ,0.322 
0.420 ,0.286 ,0.313 ,0.323 
0.393 ,0.238 ,0.318 ,0.323 
0.405 ,0.350 ,0.319 ,0.323 
0.337 ,0.298 ,0.319 ,0.323 
0.387 ,0.288 ,0.319 ,0.323 
0.405 ,0.306 ,0.319 ,0.324 
0.377 ,0.374 ,0.321 ,0.324 
0.388 ,0.304 ,0.325 ,0.324 
0.358 ,0.269 ,0.329 ,0.332 
0.370 ,0.208 ,0.330 ,0.334 
0.361 ,0.226 ,0.330 ,0.334 
0.348 ,0.274 ,0.331 ,0.334 
0.314 ,0.218 ,0.330 ,0.335 
0.314 ,0.318 ,0.330 ,0.338 
0.395 ,0.311 ,0.337 ,0.343 
0.304 ,0.298 ,0.341 ,0.345 
0.347 ,0.242 ,0.341 ,0.346 
0.337 ,0.221 ,0.341 ,0.346 
0.382 ,0.338 ,0.341 ,0.346 
0.362 ,0.294 ,0.341 ,0.346 
0.228 ,0.233 ,0.342 ,0.346 
0.342 ,0.275 ,0.344 ,0.346 
0.418 ,0.315 ,0.351 ,0.356 
0.400 ,0.283 ,0.351 ,0.357 
0.364 ,0.296 ,0.352 ,0.357 
0.311 ,0.160 ,0.352 ,0.357 
0.329 ,0.302 ,0.352 ,0.358 
0.347 ,0.316 ,0.352 ,0.365 
0.369 ,0.356 ,0.352 ,0.368 
0.328 ,0.249 ,0.352 ,0.369 
0.295 ,0.232 ,0.354 ,0.369 
0.350 ,0.296 ,0.356 ,0.370 
0.364 ,0.338 ,0.356 ,0.372 
0.350 ,0.211 ,0.363 ,0.380 
0.343 ,0.256 ,0.363 ,0.380 
0.314 ,0.288 ,0.363 ,0.381 
0.304 ,0.361 ,0.364 ,0.389 
0.289 ,0.271 ,0.367 ,0.391 
0.332 ,0.292 ,0.372 ,0.392 
0.374 ,0.263 ,0.374 ,0.393 
0.305 ,0.306 ,0.374 ,0.394 
0.272 ,0.233 ,0.374 ,0.401 
0.315 ,0.207 ,0.374 ,0.403 
0.383 ,0.279 ,0.375 ,0.403 
0.370 ,0.214 ,0.375 ,0.404 
0.383 ,0.189 ,0.382 ,0.405 
0.408 ,0.216 ,0.384 ,0.409 
0.382 ,0.233 ,0.383 ,0.413 
0.411 ,0.277 ,0.378 ,0.405 
0.449 ,0.165 ,0.374 ,0.403 
0.479 ,0.166 ,0.374 ,0.403 
0.485 ,0.260 ,0.373 ,0.396 
0.585 ,0.222 ,0.364 ,0.392 
0.625 ,0.181 ,0.360 ,0.390 
0.675 ,0.381 ,0.348 ,0.377 
0.698 ,0.486 ,0.333 ,0.369 
0.609 ,0.523 ,0.322 ,0.368 
0.560 ,0.514 ,0.321 ,0.376 
0.525 ,0.488 ,0.499 ,0.539 
0.467 ,0.500 ,0.794 ,0.792 
0.561 ,0.481 ,0.837 ,0.828 
0.630 ,0.472 ,0.854 ,0.846 
0.668 ,0.480 ,0.862 ,0.857 
0.614 ,0.397 ,0.887 ,0.882 
0.682 ,0.469 ,0.904 ,0.900 
0.646 ,0.460 ,0.916 ,0.912 
0.605 ,0.571 ,0.929 ,0.924 
0.589 ,0.448 ,0.942 ,0.937 
0.516 ,0.562 ,0.954 ,0.951 
0.596 ,0.575 ,0.964 ,0.961 
0.472 ,0.544 ,0.970 ,0.967 
0.498 ,0.491 ,0.978 ,0.976 
0.494 ,0.483 ,0.976 ,0.969 
0.449 ,0.498 ,0.965 ,0.964 
0.422 ,0.528 ,0.953 ,0.947 
0.405 ,0.463 ,0.943 ,0.940 
0.490 ,0.469 ,0.926 ,0.922 
0.376 ,0.505 ,0.909 ,0.903 
0.391 ,0.456 ,0.895 ,0.884 
0.365 ,0.461 ,0.881 ,0.874 
0.319 ,0.357 ,0.879 ,0.873 
0.338 ,0.419 ,0.885 ,0.877 
0.370 ,0.329 ,0.893 ,0.888 
0.347 ,0.354 ,0.906 ,0.902 
0.326 ,0.376 ,0.921 ,0.917 
0.292 ,0.315 ,0.938 ,0.933 
0.264 ,0.320 ,0.955 ,0.952 
0.236 ,0.357 ,0.975 ,0.976 
0.229 ,0.272 ,0.991 ,0.990 
0.241 ,0.309 ,1.000 ,1.000 
0.244 ,0.229 ,0.989 ,0.988 
0.225 ,0.209 ,0.960 ,0.959 
0.223 ,0.232 ,0.925 ,0.918 
0.226 ,0.269 ,0.897 ,0.889 
0.252 ,0.126 ,0.882 ,0.877 
0.183 ,0.198 ,0.879 ,0.874 
0.192 ,0.200 ,0.879 ,0.875 
0.172 ,0.179 ,0.883 ,0.877 
0.222 ,0.189 ,0.894 ,0.889 
0.210 ,0.177 ,0.907 ,0.903 
0.210 ,0.171 ,0.926 ,0.921 
0.237 ,0.216 ,0.944 ,0.940 
0.174 ,0.175 ,0.962 ,0.960 
0.189 ,0.195 ,0.981 ,0.980 
0.164 ,0.110 ,0.994 ,0.992 
0.154 ,0.209 ,0.996 ,1.000 
0.189 ,0.128 ,0.976 ,0.976 
0.163 ,0.166 ,0.945 ,0.941 
0.191 ,0.170 ,0.910 ,0.904 
0.237 ,0.160 ,0.884 ,0.878 
0.184 ,0.119 ,0.878 ,0.869 
0.222 ,0.139 ,0.872 ,0.866 
0.164 ,0.135 ,0.877 ,0.873 
0.214 ,0.189 ,0.885 ,0.879 
0.235 ,0.138 ,0.899 ,0.895 
0.203 ,0.152 ,0.916 ,0.912 
0.196 ,0.166 ,0.933 ,0.930 
0.236 ,0.103 ,0.953 ,0.951 
0.289 ,0.115 ,0.971 ,0.971 
0.289 ,0.078 ,0.985 ,0.987 
0.308 ,0.133 ,0.990 ,0.991 
0.304 ,0.154 ,0.980 ,0.981 
0.360 ,0.122 ,0.953 ,0.949 
0.337 ,0.098 ,0.919 ,0.916 
0.311 ,0.119 ,0.890 ,0.886 
0.287 ,0.152 ,0.876 ,0.873 
0.364 ,0.175 ,0.868 ,0.864 
0.349 ,0.187 ,0.870 ,0.863 
0.375 ,0.132 ,0.877 ,0.871 
0.407 ,0.183 ,0.880 ,0.876 
0.389 ,0.144 ,0.885 ,0.880 
0.420 ,0.183 ,0.892 ,0.889 
0.400 ,0.128 ,0.907 ,0.902 
0.328 ,0.200 ,0.923 ,0.920 
0.358 ,0.241 ,0.944 ,0.940 
0.389 ,0.207 ,0.960 ,0.960 
0.383 ,0.262 ,0.973 ,0.976 
0.379 ,0.239 ,0.979 ,0.979 
0.382 ,0.230 ,0.969 ,0.966 
0.379 ,0.242 ,0.941 ,0.938 
0.367 ,0.183 ,0.914 ,0.909 
0.305 ,0.225 ,0.878 ,0.871 
0.369 ,0.227 ,0.841 ,0.835 
0.343 ,0.268 ,0.815 ,0.810 
0.293 ,0.292 ,0.807 ,0.805 
0.274 ,0.234 ,0.814 ,0.808 
0.273 ,0.277 ,0.830 ,0.824 
0.244 ,0.252 ,0.853 ,0.848 
0.242 ,0.268 ,0.877 ,0.873 
0.215 ,0.283 ,0.897 ,0.895 
0.217 ,0.235 ,0.913 ,0.912 
0.226 ,0.204 ,0.923 ,0.921 
0.213 ,0.197 ,0.922 ,0.920 
0.206 ,0.236 ,0.907 ,0.905 
0.179 ,0.225 ,0.894 ,0.892 
0.186 ,0.198 ,0.875 ,0.872 
0.189 ,0.214 ,0.857 ,0.852 
0.202 ,0.201 ,0.838 ,0.833 
0.208 ,0.198 ,0.820 ,0.812 
0.206 ,0.207 ,0.801 ,0.794 
0.217 ,0.186 ,0.781 ,0.774 
0.216 ,0.168 ,0.761 ,0.753 
0.231 ,0.157 ,0.742 ,0.733 
0.230 ,0.157 ,0.720 ,0.707 
0.219 ,0.154 ,0.695 ,0.683 
0.230 ,0.165 ,0.667 ,0.654 
0.226 ,0.180 ,0.637 ,0.625 
0.219 ,0.183 ,0.609 ,0.594 
0.209 ,0.206 ,0.575 ,0.560 
0.201 ,0.219 ,0.523 ,0.506 
0.210 ,0.247 ,0.447 ,0.433 
0.318 ,0.248 ,0.398 ,0.386 
0.383 ,0.256 ,0.325 ,0.308 
0.318 ,0.143 ,0.114 ,0.109 
0.396 ,0.132 ,0.039 ,0.035 
0.369 ,0.196 ,0.042 ,0.035 
0.285 ,0.164 ,0.039 ,0.035 
0.323 ,0.080 ,0.037 ,0.036 
0.304 ,0.160 ,0.039 ,0.036 
0.294 ,0.089 ,0.043 ,0.036 
0.329 ,0.124 ,0.038 ,0.035 
0.318 ,0.202 ,0.035 ,0.035 
0.369 ,0.144 ,0.042 ,0.035 
0.283 ,0.132 ,0.043 ,0.035 
0.356 ,0.182 ,0.035 ,0.036 
0.275 ,0.102 ,0.035 ,0.036 
0.323 ,0.100 ,0.043 ,0.035 
0.405 ,0.184 ,0.043 ,0.035 
0.383 ,0.203 ,0.039 ,0.035 
0.348 ,0.121 ,0.041 ,0.034 
0.374 ,0.185 ,0.035 ,0.035 
0.294 ,0.134 ,0.039 ,0.036 
0.312 ,0.193 ,0.039 ,0.037 
0.324 ,0.183 ,0.041 ,0.035 
0.343 ,0.189 ,0.042 ,0.035 
0.375 ,0.206 ,0.039 ,0.036 
0.332 ,0.161 ,0.040 ,0.035 
0.349 ,0.122 ,0.043 ,0.036 
0.351 ,0.157 ,0.041 ,0.035 
0.407 ,0.157 ,0.039 ,0.036 
0.350 ,0.211 ,0.039 ,0.035 
0.352 ,0.104 ,0.043 ,0.035 
0.375 ,0.134 ,0.039 ,0.036 
0.316 ,0.150 ,0.039 ,0.035 
0.371 ,0.209 ,0.041 ,0.036 
0.342 ,0.189 ,0.040 ,0.036 
0.346 ,0.167 ,0.043 ,0.035 
0.396 ,0.203 ,0.044 ,0.035 
0.343 ,0.176 ,0.044 ,0.035 
0.386 ,0.188 ,0.036 ,0.035 
0.362 ,0.160 ,0.041 ,0.035 
0.403 ,0.157 ,0.044 ,0.035 
0.336 ,0.142 ,0.043 ,0.035 
0.349 ,0.150 ,0.043 ,0.035 
0.425 ,0.169 ,0.044 ,0.036 
0.374 ,0.131 ,0.044 ,0.036 
0.349 ,0.199 ,0.044 ,0.036 
0.378 ,0.206 ,0.043 ,0.034 
0.378 ,0.164 ,0.042 ,0.035 
0.353 ,0.176 ,0.043 ,0.035 
0.375 ,0.265 ,0.039 ,0.035 
0.385 ,0.127 ,0.039 ,0.035 
0.379 ,0.206 ,0.042 ,0.036 
0.385 ,0.204 ,0.043 ,0.037 
0.339 ,0.194 ,0.039 ,0.035 
0.375 ,0.136 ,0.042 ,0.036 
0.362 ,0.197 ,0.044 ,0.036 
0.385 ,0.113 ,0.043 ,0.038 
0.362 ,0.228 ,0.043 ,0.036 
0.349 ,0.197 ,0.041 ,0.035 
0.330 ,0.245 ,0.043 ,0.036 
0.330 ,0.220 ,0.041 ,0.035 
0.339 ,0.172 ,0.043 ,0.036 
0.374 ,0.247 ,0.044 ,0.036 
0.410 ,0.170 ,0.043 ,0.037 
0.397 ,0.243 ,0.042 ,0.036 
0.369 ,0.279 ,0.043 ,0.036 
0.394 ,0.282 ,0.044 ,0.036 
0.403 ,0.204 ,0.044 ,0.036 
0.441 ,0.231 ,0.043 ,0.036 
0.373 ,0.232 ,0.042 ,0.036 
0.393 ,0.204 ,0.044 ,0.035 
0.399 ,0.167 ,0.044 ,0.036 
0.386 ,0.207 ,0.044 ,0.035 
0.392 ,0.212 ,0.044 ,0.036 
0.384 ,0.233 ,0.044 ,0.036 
0.381 ,0.258 ,0.043 ,0.036 
0.381 ,0.241 ,0.044 ,0.035 
0.363 ,0.282 ,0.044 ,0.035 
0.431 ,0.315 ,0.044 ,0.035 
0.375 ,0.256 ,0.043 ,0.036 
0.333 ,0.261 ,0.040 ,0.037 
0.405 ,0.243 ,0.044 ,0.035 
0.395 ,0.257 ,0.044 ,0.036 
0.418 ,0.240 ,0.043 ,0.035 
0.395 ,0.239 ,0.043 ,0.036 
0.373 ,0.305 ,0.044 ,0.037 
0.372 ,0.223 ,0.043 ,0.036 
0.340 ,0.275 ,0.043 ,0.036 
0.424 ,0.324 ,0.045 ,0.035 
0.334 ,0.298 ,0.044 ,0.036 
0.377 ,0.193 ,0.043 ,0.039 
0.447 ,0.291 ,0.044 ,0.036 
0.394 ,0.315 ,0.044 ,0.040 
0.404 ,0.222 ,0.044 ,0.038 
0.400 ,0.351 ,0.045 ,0.040 
0.424 ,0.257 ,0.043 ,0.036 
0.362 ,0.265 ,0.045 ,0.037 
0.396 ,0.331 ,0.044 ,0.036 
0.367 ,0.273 ,0.044 ,0.036 
0.412 ,0.370 ,0.044 ,0.036 
0.395 ,0.293 ,0.044 ,0.037 
0.437 ,0.293 ,0.044 ,0.040 
0.438 ,0.316 ,0.044 ,0.035 
0.399 ,0.283 ,0.044 ,0.034 
0.441 ,0.265 ,0.044 ,0.036 
0.407 ,0.333 ,0.043 ,0.035 
0.389 ,0.348 ,0.044 ,0.036 
0.390 ,0.360 ,0.044 ,0.037 
0.403 ,0.345 ,0.044 ,0.036 
0.434 ,0.337 ,0.044 ,0.034 
0.422 ,0.303 ,0.043 ,0.036 
0.424 ,0.332 ,0.044 ,0.036 
0.402 ,0.319 ,0.044 ,0.038 
0.419 ,0.372 ,0.044 ,0.036 
0.417 ,0.327 ,0.044 ,0.035 
0.408 ,0.398 ,0.044 ,0.041 
0.383 ,0.350 ,0.044 ,0.035 
0.401 ,0.293 ,0.044 ,0.036 
0.382 ,0.334 ,0.044 ,0.037 
0.413 ,0.317 ,0.044 ,0.036 
0.379 ,0.368 ,0.044 ,0.037 
0.430 ,0.348 ,0.043 ,0.037 
0.458 ,0.363 ,0.044 ,0.037 
0.413 ,0.332 ,0.044 ,0.037 
0.401 ,0.362 ,0.043 ,0.036 
0.386 ,0.319 ,0.044 ,0.036 
0.411 ,0.323 ,0.044 ,0.036 
0.414 ,0.390 ,0.043 ,0.037 
0.393 ,0.356 ,0.041 ,0.036 
0.388 ,0.375 ,0.044 ,0.036 
0.406 ,0.402 ,0.044 ,0.036 
0.378 ,0.375 ,0.044 ,0.038 
0.404 ,0.390 ,0.044 ,0.035 
0.438 ,0.444 ,0.044 ,0.036 
0.408 ,0.411 ,0.044 ,0.036 
0.335 ,0.354 ,0.044 ,0.040 
0.434 ,0.406 ,0.044 ,0.040 
0.443 ,0.395 ,0.044 ,0.040 
0.415 ,0.401 ,0.044 ,0.044 
0.408 ,0.390 ,0.044 ,0.040 
0.409 ,0.387 ,0.044 ,0.040 
0.440 ,0.415 ,0.044 ,0.042 
0.441 ,0.369 ,0.044 ,0.045 
0.430 ,0.420 ,0.044 ,0.044 
0.428 ,0.375 ,0.044 ,0.045 
0.430 ,0.380 ,0.044 ,0.039 
0.396 ,0.466 ,0.044 ,0.045 
0.382 ,0.357 ,0.044 ,0.045 
0.400 ,0.430 ,0.044 ,0.045 
0.421 ,0.359 ,0.044 ,0.044 
0.465 ,0.374 ,0.044 ,0.041 
0.440 ,0.461 ,0.044 ,0.044 
0.419 ,0.441 ,0.044 ,0.046 
0.406 ,0.433 ,0.044 ,0.046 
0.424 ,0.427 ,0.044 ,0.045 
0.426 ,0.440 ,0.044 ,0.045 
0.430 ,0.425 ,0.044 ,0.042 
0.408 ,0.411 ,0.044 ,0.046 
0.458 ,0.446 ,0.045 ,0.046 
0.420 ,0.458 ,0.044 ,0.046 
0.444 ,0.380 ,0.044 ,0.046 
0.423 ,0.420 ,0.044 ,0.046 
0.491 ,0.432 ,0.044 ,0.046 
0.413 ,0.442 ,0.044 ,0.046 
0.444 ,0.390 ,0.045 ,0.046 
0.417 ,0.518 ,0.044 ,0.046 
0.457 ,0.471 ,0.045 ,0.046 
0.435 ,0.478 ,0.044 ,0.046 
0.424 ,0.454 ,0.044 ,0.046 
0.460 ,0.465 ,0.044 ,0.046 
0.448 ,0.469 ,0.044 ,0.046 
0.448 ,0.501 ,0.044 ,0.046 
0.475 ,0.450 ,0.044 ,0.046 
0.452 ,0.520 ,0.044 ,0.046 
0.443 ,0.498 ,0.045 ,0.046 
0.441 ,0.534 ,0.044 ,0.046 
0.420 ,0.483 ,0.044 ,0.046 
0.473 ,0.515 ,0.044 ,0.046 
0.420 ,0.496 ,0.044 ,0.046 
0.476 ,0.510 ,0.044 ,0.046 
0.470 ,0.482 ,0.045 ,0.046 
0.490 ,0.503 ,0.045 ,0.046 
0.433 ,0.492 ,0.044 ,0.046 
0.436 ,0.565 ,0.044 ,0.046 
0.455 ,0.478 ,0.045 ,0.046 
0.408 ,0.506 ,0.044 ,0.046 
0.501 ,0.525 ,0.044 ,0.046 
0.489 ,0.564 ,0.044 ,0.046 
0.504 ,0.523 ,0.044 ,0.046 
0.469 ,0.551 ,0.045 ,0.046 
0.502 ,0.529 ,0.045 ,0.046 
0.411 ,0.495 ,0.044 ,0.046 
0.484 ,0.555 ,0.044 ,0.046 
0.447 ,0.531 ,0.044 ,0.047 
0.551 ,0.560 ,0.044 ,0.046 
0.491 ,0.540 ,0.044 ,0.046 
0.541 ,0.531 ,0.044 ,0.046 
0.500 ,0.575 ,0.045 ,0.046 
0.494 ,0.532 ,0.044 ,0.046 
0.488 ,0.533 ,0.045 ,0.046 
0.468 ,0.574 ,0.045 ,0.046 
0.455 ,0.562 ,0.045 ,0.046 
0.466 ,0.540 ,0.044 ,0.046 
0.517 ,0.631 ,0.044 ,0.046 
0.553 ,0.587 ,0.044 ,0.046 
0.481 ,0.631 ,0.045 ,0.047 
0.549 ,0.537 ,0.044 ,0.046 
0.499 ,0.632 ,0.045 ,0.046 
0.559 ,0.605 ,0.045 ,0.046 
0.519 ,0.567 ,0.045 ,0.047 
0.512 ,0.526 ,0.045 ,0.046 
0.573 ,0.528 ,0.044 ,0.046 
0.511 ,0.648 ,0.045 ,0.046 
0.560 ,0.670 ,0.044 ,0.046 
0.559 ,0.585 ,0.045 ,0.046 
0.503 ,0.609 ,0.045 ,0.046 
0.559 ,0.612 ,0.045 ,0.046 
0.480 ,0.600 ,0.044 ,0.046 
0.541 ,0.682 ,0.045 ,0.046 
0.537 ,0.716 ,0.044 ,0.046 
0.506 ,0.656 ,0.044 ,0.046 
0.554 ,0.677 ,0.044 ,0.046 
0.570 ,0.627 ,0.044 ,0.046 
0.543 ,0.652 ,0.045 ,0.046 
0.577 ,0.659 ,0.045 ,0.046 
0.610 ,0.556 ,0.045 ,0.046 
0.593 ,0.694 ,0.044 ,0.046 
0.609 ,0.654 ,0.044 ,0.046 
0.548 ,0.691 ,0.044 ,0.046 
0.558 ,0.722 ,0.045 ,0.046 
0.556 ,0.725 ,0.044 ,0.046 
0.576 ,0.672 ,0.045 ,0.046 
0.575 ,0.647 ,0.045 ,0.046 
0.599 ,0.677 ,0.044 ,0.046 
0.616 ,0.699 ,0.045 ,0.046 
0.584 ,0.652 ,0.045 ,0.046 
0.609 ,0.761 ,0.044 ,0.046 
0.600 ,0.665 ,0.045 ,0.046 
0.627 ,0.676 ,0.044 ,0.046 
0.633 ,0.767 ,0.044 ,0.046 
0.622 ,0.747 ,0.044 ,0.046 
0.570 ,0.693 ,0.044 ,0.046 
0.594 ,0.746 ,0.045 ,0.046 
0.609 ,0.719 ,0.044 ,0.046 
0.623 ,0.716 ,0.044 ,0.046 
0.630 ,0.710 ,0.045 ,0.046 
0.684 ,0.790 ,0.044 ,0.046 
0.630 ,0.758 ,0.044 ,0.046 
0.644 ,0.706 ,0.044 ,0.045 
0.675 ,0.750 ,0.044 ,0.046 
0.677 ,0.779 ,0.045 ,0.046 
0.715 ,0.744 ,0.044 ,0.046 
0.698 ,0.813 ,0.045 ,0.046 
0.690 ,0.809 ,0.045 ,0.046 
0.647 ,0.769 ,0.045 ,0.045 
0.728 ,0.872 ,0.044 ,0.046 
0.679 ,0.738 ,0.044 ,0.046 
0.696 ,0.834 ,0.044 ,0.045 
0.721 ,0.785 ,0.044 ,0.040 
0.731 ,0.735 ,0.044 ,0.036 
0.764 ,0.768 ,0.044 ,0.036 
0.754 ,0.810 ,0.044 ,0.040 
0.749 ,0.744 ,0.044 ,0.036 
0.745 ,0.820 ,0.044 ,0.036 
0.758 ,0.814 ,0.044 ,0.036 
0.709 ,0.866 ,0.044 ,0.037 
0.750 ,0.867 ,0.044 ,0.035 
0.808 ,0.830 ,0.044 ,0.035 
0.781 ,0.792 ,0.044 ,0.036 
0.818 ,0.792 ,0.044 ,0.035 
0.778 ,0.835 ,0.043 ,0.036 
0.798 ,0.839 ,0.042 ,0.036 
0.855 ,0.830 ,0.039 ,0.035 
0.846 ,0.833 ,0.035 ,0.035 
0.797 ,0.814 ,0.033 ,0.035 
0.824 ,0.873 ,0.034 ,0.035 
0.838 ,0.848 ,0.034 ,0.035 
0.865 ,0.852 ,0.033 ,0.034 
0.834 ,0.777 ,0.033 ,0.035 
0.849 ,0.837 ,0.033 ,0.034 
0.870 ,0.772 ,0.034 ,0.031 
0.854 ,0.753 ,0.033 ,0.029 
0.850 ,0.818 ,0.033 ,0.024 
0.868 ,0.807 ,0.033 ,0.025 
0.890 ,0.818 ,0.033 ,0.024 
0.820 ,0.810 ,0.033 ,0.025 
0.856 ,0.833 ,0.033 ,0.024 
0.927 ,0.768 ,0.033 ,0.024 
0.932 ,0.771 ,0.032 ,0.024 
0.932 ,0.734 ,0.031 ,0.023 
0.876 ,0.707 ,0.030 ,0.024 
0.895 ,0.811 ,0.028 ,0.023 
0.950 ,0.795 ,0.023 ,0.023 
0.890 ,0.800 ,0.023 ,0.023 
0.925 ,0.778 ,0.023 ,0.023 
0.945 ,0.817 ,0.023 ,0.023 
0.946 ,0.748 ,0.022 ,0.022 
0.893 ,0.722 ,0.022 ,0.022 
0.939 ,0.786 ,0.022 ,0.018 
0.982 ,0.801 ,0.022 ,0.018 
0.972 ,0.743 ,0.021 ,0.013 
0.943 ,0.776 ,0.022 ,0.013 
0.955 ,0.745 ,0.021 ,0.012 
0.962 ,0.709 ,0.017 ,0.012 
1.000 ,0.661 ,0.015 ,0.012 
0.958 ,0.740 ,0.015 ,0.012 
0.974 ,0.766 ,0.011 ,0.012 
0.944 ,0.674 ,0.012 ,0.012 
0.942 ,0.661 ,0.011 ,0.005 
0.961 ,0.758 ,0.011 ,0.004 
0.931 ,0.716 ,0.012 ,0.001 
0.938 ,0.727 ,0.011 ,0.000 
0.966 ,0.644 ,0.009 ,0.002 
0.934 ,0.702 ,0.001 ,0.001 
0.909 ,0.627 ,0.000 ,0.000 
0.926 ,0.606 ,0.002 ,0.000 
0.912 ,0.704 ,0.001 ,0.000 
0.989 ,0.679 ,0.000 ,0.000 
0.913 ,0.643 ,0.000 ,0.000 
0.927 ,0.649 ,0.001 ,0.000 
0.927 ,0.695 ,0.001 ,0.001 
0.966 ,0.727 ,0.005 ,0.001 
0.894 ,0.614 ,0.000 ,0.000 
0.899 ,0.603 ,0.001 ,0.001 
0.989 ,0.651 ,0.002 ,0.001 
0.964 ,0.697 ,0.001 ,0.001 
0.899 ,0.688 ,0.004 ,0.001 
0.916 ,0.594 ,0.010 ,0.001 
0.922 ,0.680 ,0.005 ,0.001 
0.925 ,0.646 ,0.011 ,0.002 
0.943 ,0.745 ,0.011 ,0.001 
0.928 ,0.639 ,0.012 ,0.002 
0.828 ,0.674 ,0.011 ,0.007 
0.917 ,0.721 ,0.011 ,0.009 
0.925 ,0.644 ,0.012 ,0.012 
0.919 ,0.566 ,0.013 ,0.011 
0.874 ,0.623 ,0.012 ,0.011 
0.882 ,0.621 ,0.011 ,0.012 
0.875 ,0.553 ,0.012 ,0.012 
0.901 ,0.625 ,0.012 ,0.012 
0.808 ,0.687 ,0.012 ,0.012 
0.836 ,0.552 ,0.012 ,0.012 
0.758 ,0.570 ,0.019 ,0.012 
0.822 ,0.581 ,0.014 ,0.012 
0.850 ,0.557 ,0.018 ,0.012 
0.847 ,0.674 ,0.017 ,0.013 
0.839 ,0.563 ,0.017 ,0.013 
0.835 ,0.666 ,0.022 ,0.013 
0.770 ,0.556 ,0.023 ,0.013 
0.740 ,0.577 ,0.022 ,0.016 
0.823 ,0.613 ,0.022 ,0.020 
0.799 ,0.671 ,0.022 ,0.022 
0.833 ,0.616 ,0.022 ,0.021 
0.821 ,0.712 ,0.022 ,0.022 
0.794 ,0.582 ,0.022 ,0.023 
0.783 ,0.616 ,0.022 ,0.023 
0.772 ,0.590 ,0.023 ,0.023 
0.736 ,0.632 ,0.022 ,0.023 
0.721 ,0.623 ,0.023 ,0.023 
0.792 ,0.582 ,0.023 ,0.023 
0.723 ,0.565 ,0.023 ,0.023 
0.729 ,0.653 ,0.023 ,0.023 
0.754 ,0.594 ,0.030 ,0.024 
0.731 ,0.573 ,0.029 ,0.025 
0.762 ,0.542 ,0.029 ,0.025 
0.712 ,0.584 ,0.031 ,0.023 
0.688 ,0.630 ,0.033 ,0.024 
0.663 ,0.527 ,0.033 ,0.024 
0.688 ,0.629 ,0.033 ,0.024 
0.740 ,0.609 ,0.033 ,0.026 
0.724 ,0.631 ,0.033 ,0.024 
0.654 ,0.608 ,0.033 ,0.025 
0.709 ,0.608 ,0.033 ,0.030 
0.695 ,0.629 ,0.033 ,0.029 
0.644 ,0.693 ,0.033 ,0.032 
0.686 ,0.661 ,0.033 ,0.033 
0.668 ,0.732 ,0.033 ,0.035 
0.643 ,0.681 ,0.034 ,0.035 
0.665 ,0.616 ,0.034 ,0.034 
0.659 ,0.669 ,0.033 ,0.035 
0.650 ,0.722 ,0.033 ,0.035 
0.649 ,0.649 ,0.034 ,0.035 
0.690 ,0.662 ,0.034 ,0.035 
0.625 ,0.635 ,0.037 ,0.035 
0.656 ,0.794 ,0.034 ,0.035 
0.669 ,0.736 ,0.034 ,0.035 
0.656 ,0.701 ,0.035 ,0.035 
0.622 ,0.667 ,0.034 ,0.035 
0.599 ,0.712 ,0.037 ,0.035 
0.633 ,0.709 ,0.040 ,0.036 
0.601 ,0.645 ,0.043 ,0.036 
0.669 ,0.685 ,0.043 ,0.038 
0.608 ,0.662 ,0.044 ,0.036 
0.569 ,0.756 ,0.044 ,0.036 
0.635 ,0.780 ,0.044 ,0.040 
0.624 ,0.750 ,0.044 ,0.043 
0.585 ,0.763 ,0.044 ,0.043 
0.670 ,0.689 ,0.044 ,0.045 
0.519 ,0.774 ,0.044 ,0.042 
0.692 ,0.672 ,0.044 ,0.046 
