40.06317531,39.28003373,52.79869169,52.15021084
39.94962535,39.23987264,53.36137311,52.64744456
39.61135024,39.5168199,54.39102685,53.49942872
39.73335006,39.30182549,54.48417571,53.64099266
39.6838502,39.17440037,54.74137692,53.88391247
39.42633349,39.2291003,54.95865061,53.97666536
39.77310018,39.36225035,54.96568846,54.10873865
39.76355026,39.4701337,54.96471667,54.16691676
39.70893351,39.50406706,54.99943086,54.17216673
39.63273357,39.6898004,55.03326115,54.16812231
40.00998354,39.57866714,54.96984518,54.16618264
39.70370027,39.12948368,54.9623882,54.16073183
40.05280024,39.23576703,54.97355642,54.1792137
39.77460024,39.42918368,54.99042355,54.15711669
40.1088669,39.19576692,54.97580445,54.17000008
40.04213349,39.36133922,54.96095849,54.17874316
40.3027334,39.20031159,54.97345582,54.15420207
40.07663343,39.21031702,54.96996987,54.16488439
39.79671689,39.39983378,54.96815677,54.14184386
40.03103355,39.36151692,54.96173431,54.06465906
40.07023355,39.16251711,54.96310653,53.95426818
39.89850019,39.27081702,54.96238431,53.93024404
39.95366687,39.42951709,54.9576899,53.94857477
40.14521689,39.30754222,54.95765378,53.94868154
40.05176697,39.71597546,54.95956766,53.96667704
40.36231693,39.46276722,54.9612408,53.91803429
40.18453346,39.25621698,54.95590843,53.95188908
40.50938355,39.34265596,54.89584028,53.91173319
40.24720017,39.14039483,54.73132365,53.90653315
40.46290022,39.45953362,54.69526289,53.89988865
40.65501677,39.49020041,54.70033788,53.87071064
40.65661678,39.45321719,54.69743976,53.87273287
40.70915007,39.42401721,54.69731589,53.77999878
40.5311946,39.52303378,54.6950016,53.77999878
40.74205573,39.19401712,54.69459251,53.77999878
40.71721677,39.49076722,54.69411939,53.91262023
40.83225025,39.60223395,54.72894496,53.87468661
40.75278341,39.57306722,54.71286213,53.90607574
40.48118357,39.66195057,54.729776,53.91207367
40.69549189,39.16628381,54.70647103,53.90713157
40.67672515,39.35430049,54.72609196,53.90927762
40.71040002,39.60035061,54.70703868,53.90718316
40.45921682,39.48025051,54.69762672,53.90646093
40.79485007,39.27745053,54.71857506,53.91226242
40.81411668,39.54726714,54.70039759,53.90725949
40.62909181,39.6823089,54.7066285,53.91162609
40.64488756,39.55575898,54.70024974,53.85624152
40.64283749,39.79055049,54.69902348,53.87146452
40.8259611,39.76575054,54.6956766,53.84413264
40.79420548,39.94835059,54.69905161,53.69386313
40.50839997,39.6884505,54.69618797,53.67491748
40.95254168,39.61344221,54.69134023,53.69345085
40.93184731,39.72262557,54.6938016,53.72063526
40.58034441,39.91131721,54.65412653,53.66269252
40.6675665,39.74540063,54.65630154,53.65940381
40.65393332,39.69673393,54.5247373,53.63808303
40.4336165,39.82480055,54.48476453,53.643283
40.64330004,39.85365064,54.47706628,53.61099987
40.32835838,39.94815898,54.44706819,53.46626661
40.69715826,39.78739236,54.45811905,53.46025035
40.30768319,39.74966724,54.43503183,53.41674791
40.16273322,39.72452565,54.42761695,53.43426773
40.46092489,39.61689222,54.43000031,53.41196552
40.40882478,39.70226724,54.42306691,53.40148687
40.32634983,39.71466709,54.2999999,53.41504626
40.24686653,39.57457552,54.28006655,53.38855493
40.28081655,39.74079223,54.18949995,53.38109474
40.2357833,39.67611717,54.16971119,53.33664808
40.09584992,39.54820049,54.17115562,53.25999832
39.99993323,39.86733395,54.16774676,53.22633473
40.11503337,39.95432131,54.13108699,53.13267962
39.93583324,39.72834613,54.04000092,53.13393009
39.93853331,39.84940055,53.9245429,53.12931821
39.70023319,39.61770052,53.92145701,53.12073991
40.04016663,39.71573379,53.91175125,52.92001807
40.0009665,39.55454486,53.91364108,53.05452555
39.72956665,39.85232268,53.9115406,52.92840248
39.76663326,39.57956701,53.90761649,52.90270196
39.77466665,39.86633378,53.91793404,52.90723717
39.80603302,39.50213367,53.69115586,52.87084343
39.67503319,39.45000041,53.64976581,52.86771038
39.78796659,39.38370026,53.64945962,52.83242489
39.63686657,39.53515039,53.65083739,52.71021071
39.60809991,39.48721696,53.58807735,52.6152892
39.48560828,39.28041691,53.39376357,52.60762062
39.59025834,39.59431703,53.39575314,52.55972748
39.48293345,39.54626699,53.35103309,52.35974093
39.51240005,39.15866685,53.13083184,52.35837934
39.75275001,39.1849279,53.02529075,52.12351636
39.63851687,39.44973079,52.80744335,51.89226662
39.80422774,39.43395304,52.62830697,51.81906248
39.79230574,39.48674752,52.64889472,51.82234614
39.59823348,39.35302523,52.81420953,51.86409084
39.73380008,39.32828355,52.87992844,52.06223337
39.78828348,39.34035029,52.88207133,52.08043325
39.73986664,39.38243372,52.91332733,52.09181803
39.66071672,39.4309004,53,52.09447054
39.70950005,39.52234213,53.08536612,52.09401094
39.86620001,39.33614195,52.91417614,52.01423831
39.65861664,39.53194214,52.56193617,51.75758446
39.84784592,39.40590878,52.18991196,51.27968695
39.92265415,39.34531698,51.75262581,50.95646042
39.76445012,39.47171698,51.05237741,50.26555615
40.01785018,39.45568366,50.11866283,49.48805516
39.70936685,39.42620029,49.94281066,49.25311738
40.02659605,39.38633359,49.64979763,49.15039225
39.74382104,39.568567,49.38768359,48.8165955
39.78865018,39.50521692,48.87851876,48.38760585
39.67110017,39.50058352,48.65316744,48.10091949
39.68263334,39.51675025,48.47723392,47.89509914
39.76511673,39.5716336,47.96290855,47.25863943
39.67496656,39.62826713,39.39407648,40.06041517
39.74365012,39.50653353,38.65620138,39.69176503
39.93123333,39.5804171,41.84806383,42.89516391
39.79870018,39.50073385,49.84942937,49.29313847
39.94238341,39.43066702,50.13557551,49.62123806
39.95080015,39.54022819,50.38279614,49.80416129
39.99370012,39.4427976,50.5839173,50.04200418
39.91516678,39.46519196,50.76331734,50.25529137
39.87190013,39.54333358,50.85669135,50.27751871
39.91205845,39.41992816,51.00274143,50.28042811
39.86142515,39.62555596,50.81299571,50.22754271
39.94086267,39.43766698,50.60963868,50.04660093
39.79362092,39.42598357,50.46631254,49.9322228
39.81913343,39.51245035,50.26801456,49.69352702
39.86123779,39.44650033,50.01615751,49.50119911
39.76481281,39.49758366,49.91559335,49.41594345
39.78436693,39.54210012,49.67382082,49.17869074
40.07445859,39.50350025,49.47173502,48.97955434
39.69160857,39.53096702,49.29966708,48.80503613
39.77800022,39.53996691,49.09593104,48.65461187
39.92808353,39.58489188,48.91457031,48.49600923
39.90151678,39.53960864,48.93920673,48.47535896
39.79483355,39.68330022,49.06715845,48.64462147
39.70991692,39.61393363,49.2989954,48.80185771
39.77685014,39.6426501,49.52551649,49.04103976
39.77401681,39.61868358,49.83268127,49.27890055
39.83788362,39.46125023,50.04126038,49.52871591
39.85404193,39.42570013,50.31994226,49.76773318
39.71884176,39.55746689,50.57835845,50.0332509
39.71663357,39.44741685,50.81683378,50.29683332
39.75098335,39.54946693,50.96719948,50.2695335
39.65365016,39.75868361,50.8199671,50.22316713
40.03630013,39.53765015,50.53073084,49.9747508
39.92009997,39.75165007,50.36963658,49.78724644
39.84638341,39.687389,50.15709382,49.6732196
39.9236334,39.61446134,49.95729078,49.32436692
39.79678352,39.78506692,49.74385188,49.16695673
39.87878338,39.70816683,49.45484727,48.96574271
39.84658351,39.70373357,49.18270117,48.77011245
39.99886672,39.72453356,48.97628987,48.62419141
39.80710002,39.7063669,48.94792754,48.43738767
39.64268342,39.6603502,48.99165179,48.52508853
39.85691664,39.77573368,49.32093361,48.75609189
39.86175009,39.82641691,49.56099938,49.04771752
40.07070005,39.84030029,49.78483321,49.24705075
39.92116092,39.92886708,50.03795076,49.44711721
40.02870546,39.85313361,50.29466667,49.72177485
40.08708345,39.83975044,50.51092446,49.94754087
40.03206657,40.1093336,50.65647652,50.0335509
40.13396666,39.9587225,50.76442874,50.25774691
40.1832,39.97681146,50.84583897,50.27270765
40.28295006,39.89418357,50.82178613,50.26970919
40.30241669,40.09461713,50.65763668,50.02043738
40.48164993,39.98305584,50.48271184,49.81651139
40.48756639,39.93871137,50.26599636,49.68292698
40.46526656,39.95375034,50.00878801,49.4902784
40.45264996,40.11241707,49.94949237,49.27988261
40.6014998,39.81578362,49.60193845,49.15109638
40.44783322,39.99878372,49.43696869,48.91353856
40.68404148,40.24316703,49.20831967,48.72485269
40.46689169,40.1599003,48.95673769,48.61972321
40.8876833,40.01921698,48.94674518,48.43075864
40.83988324,40.03593365,48.95875894,48.46813393
40.74900003,40.24100032,49.17736378,48.67624887
40.82173332,39.98998376,49.31116282,48.85151898
40.73739992,39.8475004,49.51872947,48.99027215
40.87696651,40.01590047,49.80454338,49.24556298
40.69733339,40.05658378,49.99457862,49.44396563
40.94340005,40.34000029,50.11338605,49.60316495
40.75568338,39.92296701,50.39442996,49.84678499
40.90060005,40.02415039,50.58409781,50.0332509
40.73818349,39.96640046,50.83588829,50.22565962
41.13217505,39.86930024,51.03961383,50.32011158
40.96560835,39.71641694,51.03971012,50.5137244
41.05378349,40.03423358,50.98907034,50.33548444
41.16678349,39.81915049,50.75928524,50.18778828
40.7594668,39.68646695,50.52281371,49.91654535
41.0615417,39.77918365,50.36010372,49.75035781
40.84382501,39.58785565,50.0981006,49.65873576
40.80673346,39.66319468,49.98517203,49.37826718
40.48238359,39.52058358,49.68979957,49.22282387
40.56448357,39.58385024,49.43814491,48.91364838
40.58016681,39.56333349,49.18226784,48.71563871
40.82382521,39.53958359,49.13171261,48.68281191
40.53422526,39.6234669,49.22347225,48.76077356
40.50876691,39.64328357,49.47370496,48.9868344
40.49258359,39.5671779,49.64805769,49.22844512
40.30815015,39.43175574,49.97482639,49.48407034
40.57533361,39.61731688,50.14211515,49.71873797
40.52341694,39.72898359,50.44247615,49.90230369
40.5432503,39.3786835,50.69798277,50.24851271
40.51578355,39.44632241,50.99362153,50.50631457
40.68788348,39.37997807,51.40979681,50.84565026
40.25252519,39.19259465,51.72581799,51.17236639
40.48125024,39.56797246,52.05108256,51.50173195
40.59302519,39.27950018,52.52615291,51.89886962
40.67978355,40.01896693,52.88526574,52.25640844
40.68508346,39.74540023,53.43334534,52.70946412
40.31880009,39.42785025,54.4434046,53.57602308
39.72591688,39.43158357,54.68937826,53.69289934
40.21773335,39.60205019,54.69377017,53.70844538
39.99875015,39.45403346,54.82523488,53.95608387
40.57768344,39.47100033,55.06942483,54.17986205
39.9874168,39.43545024,55.21687933,54.3334618
40.20690014,39.31023365,55.22027788,54.43814704
40.32180011,39.48333357,55.22107273,54.46040747
40.35546678,39.53375027,55.22828405,54.43546064
40.42116693,39.3140003,55.2269046,54.46910008
40.39156676,39.53561694,55.23606861,54.44359133
40.27571676,39.35505032,55.22646007,54.44121782
40.50776675,39.54420026,55.251829,54.43639202
40.27186685,39.80205029,55.2574303,54.42528374
40.62038347,39.21921691,55.45622792,54.50392764
40.40518356,39.3092836,55.47777095,54.5909908
40.42601683,39.76985029,55.4830329,54.52494397
40.59543347,39.55730026,55.48086622,54.48509089
40.68478347,39.18510014,55.48043288,54.54784692
40.71743328,39.23981695,55.48240839,54.4399698
40.70005006,39.74745041,55.47761619,54.47128549
40.53803349,39.59781691,55.40999061,54.45662956
40.75735015,39.50281702,55.42138733,54.42926293
40.80616672,39.71451701,55.224455,54.44888657
41.00775023,39.85021713,55.25792949,54.44213374
40.88606682,39.67271698,55.24253551,54.42852959
41.02240014,39.79466707,55.20571884,54.43652662
41.14183339,39.76960037,55.23738114,54.43814704
41.14996661,39.6944003,55.24942165,54.43304154
40.60108353,39.78294199,55.24941481,54.43506247
41.06426677,39.67052539,55.24066677,54.43530298
41.26343332,39.7666503,55.39849172,54.4336677
41.00518333,40.05958379,55.23075829,54.43034697
41.0719332,40.00503377,55.24191346,54.43032531
41.40465007,39.79630031,55.222503,54.39500835
40.96628344,39.8081169,55.22876222,54.40344924
41.13528329,40.26365047,55.21999931,54.3729175
41.24399989,39.6632336,55.21756183,54.3888333
40.86636662,39.97156714,55.25710324,54.42978364
41.21983334,40.12088377,55.22217112,54.42900363
41.15806659,40.05580056,55.25376767,54.42873744
41.24159993,40.04206705,55.25815866,54.43204318
41.00894991,40.02276707,55.24618486,54.43164699
41.10044988,39.96255052,55.22977203,54.42352272
41.07348339,40.12021714,55.25309133,54.43111363
40.97836652,39.98200036,55.2228819,54.39341755
40.94580831,40.09278365,55.22001426,54.37756654
40.97369153,40.18878367,55.22215102,54.29999924
41.02217475,40.02485044,55.21869932,54.21679977
40.7844748,40.20773376,55.21826599,54.21926748
40.8533831,39.90596712,55.22021598,54.21433207
40.99684152,40.0523337,55.18511621,54.1727445
40.65904156,40.03927537,55.18316622,54.17418894
40.76598327,40.26254201,55.05656704,54.17209451
40.75783305,40.23353382,54.96137257,54.16944638
40.57526641,40.0242003,54.97830428,54.16971119
40.71998302,39.89370026,54.96008766,54.16723743
40.53128307,40.0916003,54.96110598,54.12124445
40.36519965,39.80513363,54.96000099,53.90329833
40.39304993,39.93613366,54.95913433,53.94902638
40.50783324,39.96366705,54.91117024,53.91751633
40.48878318,39.98071682,54.78947401,53.91219202
40.50116648,39.7933003,54.78179334,53.90978318
40.24706635,39.94163354,54.71251475,53.91099652
40.1375665,40.15151691,54.71438852,53.91568317
40.37789986,40.21540021,54.6954516,53.85224792
40.50491636,39.99868366,54.70428932,53.66500265
40.12328316,39.85581694,54.62292812,53.64945158
40.19963308,39.91148352,54.43868873,53.62646358
40.24259982,39.64483365,54.43398392,53.57354522
40.29484165,39.80066685,54.42813225,53.4332236
40.34405827,39.95305023,54.28395262,53.3947661
40.26528316,39.72231678,54.17736068,53.35533244
40.15312483,39.68001679,54.1695186,53.29293193
40.1372081,39.79226691,54.13533363,53.19413208
40.14808306,39.71416687,53.96387807,53.09533272
40.32954991,39.81230019,53.88357855,52.91550055
40.19384968,39.82379604,53.65547644,52.88895504
40.14416655,39.56872096,53.61533318,52.77490365
40.25848321,39.69493357,53.49876695,52.63502604
39.98858328,39.708417,53.26268027,52.34813369
40.17158336,39.83595037,52.9812662,52.0989998
40.23126651,39.69878354,52.72759811,51.83195484
40.24806657,39.93700265,52.62318474,51.78341099
40.24529997,39.72773107,52.526347,51.6296106
40.22206649,39.77676706,52.38319068,51.57533195
40.25459976,39.85239205,52.44877641,51.56857445
40.25346653,39.65735845,52.38792246,51.58849783
40.34621639,39.75691709,52.40186929,51.57234591
40.36096664,39.62168365,52.39252951,51.56147243
40.34694983,39.73678377,52.49776635,51.57327694
40.32483317,39.74136714,52.56796693,51.59505109
40.37929978,39.64551711,52.59036712,51.63106567
40.49594998,39.54595046,52.6099895,51.74660947
40.49009984,39.68301717,52.60971172,51.81620178
40.41033306,39.69966729,52.60576802,51.81962053
40.41381653,39.68071717,52.6293105,51.81913302
40.38506638,39.79673402,52.64434779,51.81904635
40.42411625,39.77836751,52.6121871,51.8205197
40.57265794,39.7489091,52.6190568,51.82259972
40.46705815,39.78677586,52.61786258,51.81978303
40.43206629,39.78470089,52.6298722,51.81902469
40.47164958,39.83393414,52.64553424,51.83115812
40.50263306,39.79066749,52.64945251,51.85986669
40.61874939,39.90160084,52.66239862,51.85024706
40.62113281,39.84741769,52.87076665,51.93156188
40.61528292,39.83200104,52.86903569,51.85715758
40.61514943,39.88256767,52.83425107,51.86593889
40.6609794,39.89112601,52.67760117,51.79945404
40.65398621,39.93947611,52.4410157,51.53775508
40.67156618,39.88539278,52.06096748,51.24964576
40.63975779,39.86974826,51.70813294,50.93517478
40.64435788,39.90254545,51.08137738,50.29731325
40.66030492,39.9697288,50.15665621,49.5373827
40.65464375,39.8849565,50.00999792,49.40973639
40.69991618,40.02636749,49.82165297,49.2207559
40.71678274,39.91216777,49.664379,49.17292953
40.71694963,39.92846756,49.43725331,48.91611382
40.7099161,40.02134244,49.28308941,48.73290026
40.71119945,40.0326092,49.05338698,48.65750074
40.75943276,39.97452594,48.94235237,48.50451905
40.82561602,40.06134249,48.95842148,48.50422869
40.79338289,40.00331752,49.24205347,48.69306921
40.79073271,39.97572593,49.4518113,48.98018594
40.8120827,40.00037588,49.6970315,49.20124464
40.76359938,40.00993429,49.93591786,49.37234895
40.78848282,40.03723394,50.14157227,49.62262718
40.86391276,39.96720086,50.44527071,49.82661955
40.74531941,40.13333413,50.65930282,50.03842752
40.82489111,39.94285079,50.77895054,50.26031828
40.78929108,40.14866743,50.78182557,50.2617155
40.8046327,40.07345072,50.72061435,50.22750044
40.86675782,40.01360072,50.52174225,49.96530079
40.78112447,40.07507858,50.35837615,49.74776635
40.84183271,40.11463409,50.17383041,49.69749928
40.82624938,40.05667308,49.96282578,49.3941998
40.82359945,40.0995673,49.7523819,49.23385273
40.90118279,40.12793397,49.54815042,49.02289353
40.81949949,40.07495076,49.4314329,48.89579775
40.88411628,40.08998396,49.1775012,48.68229681
40.86733278,40.07265064,48.96286158,48.53649104
40.86661603,40.06835081,48.93998071,48.43048984
40.86194948,40.06821723,48.98182695,48.5529158
40.9117495,40.0916839,49.20080078,48.7309975
40.86354956,40.06851729,49.44324083,48.98353727
40.8823161,40.04780069,49.71817046,49.20038105
40.92389957,40.1510005,49.99290535,49.46531934
40.88776609,40.10116732,50.11837613,49.66018897
40.87943282,40.14376713,50.45125741,49.92839077
40.84313303,40.02953389,50.66838504,50.0816038
40.87631604,40.15385059,50.81250048,50.27347083
40.91029938,40.15443389,51.00910383,50.28473494
40.84191612,40.13031727,50.80396258,50.27436646
40.92440774,40.17813384,50.66235069,50.06012888
40.89132443,40.07698384,50.4881502,49.87459941
40.87463302,40.12473387,50.27732928,49.70143352
40.89774956,40.09128398,50.09194481,49.51124846
40.93541606,40.12745056,49.92461051,49.34078407
41.01542869,40.13440046,49.73109429,49.1775012
40.90505373,40.21535035,49.47811119,49.02916169
40.89728287,40.19450034,49.39275981,48.81862359
40.88816609,40.19383389,49.15429129,48.65641742
40.9389496,40.10920044,48.95559866,48.52579484
40.93224951,40.06858387,48.94495046,48.46418274
40.8623329,40.19765041,49.08490325,48.68566484
40.92014954,40.07221701,49.41945784,48.93139401
40.97258298,40.1747835,49.57722069,49.18683135
41.00744944,40.09603383,49.85396696,49.37530305
40.92597186,40.11068368,50.15240854,49.59544928
40.92762721,40.20136702,50.38028475,49.82632525
40.95688299,40.19776697,50.72070364,50.11250137
40.93558297,40.18655039,51.01059127,50.26201914
40.99328315,40.13038366,51.00422517,50.31517196
41.0449163,40.17450005,50.75079266,50.23010042
40.9884997,40.08683356,50.52768626,50.02074088
41.00124958,40.18540862,50.46154841,49.85181021
41.02459952,40.13187531,50.20457201,49.68959733
41.02539974,40.08643361,50.00671086,49.43933481
41.04881632,40.11616682,49.77906241,49.23594666
40.98984969,40.19251699,49.52029586,49.05578843
40.92626608,40.1738336,49.38901465,48.87676734
41.06334977,40.16286671,49.14971949,48.65697107
41.02751636,40.19965022,48.9175005,48.43432997
41.06004964,40.18328353,48.76800791,48.39630003
41.05078296,40.21830023,48.72509243,48.3277328
40.90578286,40.19998891,48.92532223,48.41984784
41.01718302,40.10257802,49.12071236,48.68411944
40.96991619,40.14496683,49.42518743,48.88248552
41.04388304,40.1508001,49.54685268,49.12898018
40.9316664,40.13551676,49.83774982,49.29526961
41.05910802,40.12236679,50.08584308,49.52669373
41.23802488,40.02528332,50.32966841,49.77243246
41.01816652,40.11317494,50.53376511,50.02835715
41.02024984,40.11757498,50.74705127,50.21573861
41.03521652,40.15871665,50.81606342,50.25607627
41.08313324,40.00368345,50.99752299,50.26913791
41.01603301,40.16389995,50.76564108,50.21164144
41.016933,40.15816667,50.52604009,50.00954441
40.92183313,40.34426657,50.48795021,49.76375223
41.05298311,40.23141652,50.19310341,49.69721038
41.02523312,40.01576653,50.00460043,49.4965051
40.99410808,40.09638324,49.8531318,49.31030629
41.04440813,40.19014979,49.6828205,49.17852262
41.0748665,40.20681639,49.49140654,48.90856314
41.06800821,40.09828309,49.29873772,48.69547133
40.96822494,40.21546637,49.1142344,48.65750074
40.96030543,40.20973303,48.96928425,48.56000137
40.94886074,40.27283315,48.99233764,48.64957197
40.97031644,40.26119973,49.33038021,48.84324681
41.04461652,40.25568315,49.48221421,49.00098359
40.95534433,40.26866635,49.72298476,49.24250078
40.94257214,40.38483289,49.99079471,49.48169924
40.8906999,40.29546632,50.22348073,49.74381817
41.02186644,40.27241631,50.49003138,49.92296062
40.81754977,40.37403287,50.78161538,50.09713273
40.84616653,40.26333296,50.81284714,50.26018407
40.92679986,40.28069952,50.79820057,50.26550429
40.85414984,40.42121632,50.70623207,50.13960201
40.97678319,40.28383276,50.52119096,49.94764829
40.92144995,40.45951625,50.31784499,49.73059592
40.91686644,40.33276609,50.07139773,49.63063925
40.92646645,40.30776611,49.91496425,49.36636607
40.8444831,40.37536613,49.67500544,49.17728454
40.89346657,40.41351613,49.48406243,48.97873117
40.90411642,40.40479939,49.31591176,48.83372301
40.80904987,40.43298274,48.98012602,48.636733
40.90558325,40.44019946,48.91771716,48.40008162
40.76889421,40.71873282,48.82421488,48.38363326
40.85288879,40.53516608,48.96796752,48.47275606
40.89928305,40.5998162,49.17834638,48.72221144
40.90113317,40.43394935,49.46980458,48.9703676
40.70138312,40.77657165,49.64525203,49.23340084
40.83198313,40.49429387,49.87851863,49.36513332
40.93460315,40.58908278,50.09865632,49.5704313
40.811263,40.624866,50.42037717,49.79103463
40.84434974,40.62503275,50.59881468,50.0294509
41.10658307,40.66079939,50.7811111,50.2496003
40.92904975,40.70768281,50.87776843,50.29250002
40.82524148,40.78360779,51.00655377,50.28242508
40.85654149,40.71420776,50.79906723,50.22847543
40.86199975,40.69439939,50.61165055,50.01324805
41.18304976,40.69369943,50.48771686,49.78819141
41.01921642,40.9243161,50.27221505,49.70161056
41.25364986,40.78192438,50.02305261,49.48571418
41.20691656,40.77483001,49.93719105,49.25581906
41.29340825,40.91286063,49.69824214,49.1775012
41.28412496,40.97224939,49.48577014,48.93180061
41.38964989,41.08788293,49.32487932,48.69832048
41.25059994,41.05688288,49.05335089,48.63305248
41.46663337,41.01029949,48.94913409,48.43803961
41.58713316,41.15803846,48.94848833,48.46365614
41.66804991,41.01217733,49.18510716,48.65893407
41.80959997,41.13878283,49.29555669,48.77787721
41.73376653,40.88152717,49.52366038,49.0653687
41.72354987,41.22583846,49.7627887,49.23659304
41.93963319,40.71916619,49.97551234,49.36847871
41.97803333,41.25289967,50.12347388,49.64193193
42.17011663,41.01739958,50.37033394,49.81071869
42.0911499,41.19055378,50.54138204,49.98575137
42.14871658,40.85451195,50.77520941,50.21146652
42.26735011,41.13753292,50.94623758,50.29033337
42.02639989,41.14144961,51.00715255,50.31647764
42.11199999,41.11702468,50.79603392,50.27482485
42.15702217,41.11949132,50.62313393,50.04984829
42.24692773,41.20963302,50.48966688,49.92547432
42.28748337,40.89332745,50.26424577,49.74213428
42.28013334,41.0481717,50.06908729,49.55719084
42.33484987,41.00116624,49.95082027,49.40357135
42.56766663,40.97296618,49.73460786,49.22356263
42.38102484,40.88634131,49.5391268,49.15876266
42.39459167,41.07877452,49.43787869,48.91231897
42.34904989,40.88496621,49.25636736,48.69758715
42.19146655,40.83547457,49.21221098,48.71346942
42.29596642,40.67370793,49.31538799,48.80438615
41.87853313,40.85516613,49.57634741,49.02544849
42.02113316,40.95356611,49.81441963,49.28700673
42.1998499,40.85569948,50.04109649,49.5028241
42.17323322,40.89005788,50.30286403,49.73352814
42.37166645,41.0456746,50.54762568,50.01665562
42.09008309,40.57813287,50.77530401,50.22880043
41.87973312,40.89422462,50.8518636,50.29250002
42.13141655,40.9145579,51.03961012,50.47227952
42.02378307,40.84222737,51.0457323,50.53095523
41.93929979,40.77330516,51.00778811,50.30586627
41.89298314,41.03699951,50.82203375,50.22966709
42.01688309,40.79991627,50.65541734,50.01283556
41.64918301,40.81506618,50.47255018,49.75021499
41.92693303,41.02049957,50.26086689,49.69749928
41.88693309,41.11525798,50.02125088,49.47566752
41.52191644,40.92490788,49.95551738,49.3359105
41.61809966,40.93944107,49.69971596,49.17852262
41.51311635,41.2455412,49.46826599,48.98033435
41.57489974,40.87511618,49.42103296,48.89402189
41.67022478,40.93310789,49.15352648,48.67967939
41.5247247,40.92324133,49.11119779,48.67723003
41.43461641,40.94539966,49.2588229,48.75217099
41.53453309,40.89156629,49.49975468,48.98033435
41.74948305,41.24566638,49.65611076,49.20003439
41.96504982,41.20823327,49.84629083,49.39414098
41.88529986,41.22178325,50.07186525,49.52375808
41.89289995,41.35418329,50.35831277,49.72567384
42.04709989,41.31588337,50.5273703,49.98385972
42.19458305,41.43848338,50.77783301,50.24570032
42.43170007,41.75717501,50.83253383,50.29423334
42.29548333,42.04800851,51.03493289,50.37197315
42.44028323,41.73058342,51.04371698,50.45492933
42.67703339,41.8797752,50.97390336,50.26846429
42.80803329,42.10084198,50.68176711,50.08751762
42.91848343,41.87705027,50.54137455,49.96350079
43.28179996,41.92135024,50.41929878,49.79076277
43.7028669,42.05330029,50.05429005,49.5683388
43.79298344,41.83796696,49.92893506,49.24267946
43.9211668,41.53870021,49.58416306,49.13402833
43.63510021,41.70513362,49.41494199,48.88864013
43.7003669,41.82518357,49.23568375,48.69491942
43.97853356,41.4050502,49.16265617,48.69000053
43.89881697,41.29668348,49.20115686,48.72829339
43.54245024,41.04913341,49.37011662,48.97714134
43.61848362,40.74680008,49.68781436,49.20176771
43.82451695,40.90908337,49.85358008,49.32285952
43.52935038,40.61935004,50.13307514,49.57361939
43.4994253,40.71728338,50.38084593,49.8431875
43.37295859,40.13700554,50.67640361,50.08385065
43.11560036,40.61204445,50.94759092,50.39780034
42.92973361,40.42923335,51.25209007,50.66547176
42.60428364,40.48555002,51.62820621,51.09346267
42.55251692,40.47128329,52.00195028,51.42435411
43.12213368,40.55774994,52.44630416,51.83947698
42.86068349,40.70823331,52.78915597,52.22324711
43.3376837,40.57035009,53.14343258,52.48299003
42.92536695,40.67005003,53.84349686,53.11838534
41.87400004,40.8362001,54.72177956,53.86679939
42.06716674,41.18606676,54.7698347,53.90985165
41.96713346,40.99608346,55.01601553,54.08398056
42.04701679,41.0536168,55.21721943,54.20127866
42.3827667,41.28450014,55.25072245,54.42220024
41.93974448,41.1441001,55.32053211,54.42942252
41.70568892,40.80345011,55.43270427,54.42807557
41.66651661,40.88953349,55.47895102,54.43289677
41.98316662,40.93458349,55.47057393,54.43571641
41.83650004,40.63620015,55.47464656,54.44176792
41.68331674,40.76388345,55.48028843,54.46498974
42.06548329,40.85916686,55.47973954,54.45153382
41.97750834,41.04536686,55.48069288,54.46393392
42.19460836,41.09280013,55.47999954,54.45775037
41.76943335,41.07553345,55.48424624,54.55025663
42.24377503,40.68101668,55.46703201,54.46437837
42.1600251,41.17716679,55.47668331,54.43487632
41.50536671,40.56990008,55.37893623,54.44698373
41.89030006,41.04268349,55.25899906,54.42993152
41.48575012,40.48051666,55.22522515,54.42857648
42.23970018,40.82274998,55.25117324,54.43534202
42.15123348,40.7230833,55.44403273,54.46712561
41.9087667,40.86765003,55.4789359,54.53270115
42.02215014,41.03433339,55.43772966,54.44709304
42.28241684,41.24770023,55.21859277,54.43024105
41.98211679,40.93101672,55.2409599,54.42897605
41.83930839,40.68670011,55.22058188,54.42907454
41.98715838,41.04305007,55.36671195,54.43866704
42.32290014,40.84531665,55.47088342,54.43455034
42.02780006,40.87923339,55.47836937,54.43043364
42.52556693,40.6338501,55.46529151,54.43163736
42.0325334,40.95941672,55.3754373,54.43139661
42.10493337,40.60824994,55.43969921,54.43000031
42.14870014,40.83903341,55.26304199,54.43039753
42.37831689,40.78915,55.22997463,54.42873641
42.43990026,40.91119996,55.25364743,54.4303691
42.11995015,40.63103331,55.2313053,54.39236453
42.44953346,40.68970002,55.21897289,54.29999924
42.33112519,40.70559999,55.22228634,54.2765206
42.13000843,40.48375005,55.22148502,54.1869886
42.23966687,40.76318348,55.21922269,54.17042356
42.54223366,40.85640006,55.22037355,54.17286006
42.2251669,40.68196657,55.21535941,54.17190673
42.33371681,40.91486666,55.21742459,54.17006198
42.84860017,40.54638336,55.21875087,54.17135634
42.44320014,40.88416665,55.18664599,54.17105808
42.3492168,40.59498324,55.13425145,54.17012389
42.31810013,40.52686665,55.07738198,54.16826675
42.60543357,40.67611663,55.09770199,54.16553058
42.72788356,40.61201659,54.9652124,54.13200314
42.72565854,40.72781669,54.97316229,54.09286724
42.79200865,40.83878337,54.96130881,53.98394541
42.94533909,40.8787499,54.96381843,53.92561058
42.54731136,40.36711662,54.95967599,53.90304712
42.78323364,40.92196673,54.96192247,53.93807052
42.54185016,40.13898329,54.95764185,53.9149337
42.87680026,40.55571674,54.94516375,53.91745943
42.85298358,40.82321657,54.88461796,53.91028874
42.74971695,40.31932494,54.77745616,53.90966281
43.1167503,40.51409166,54.69786464,53.90955275
42.88901691,40.37574989,54.70425055,53.90696649
42.93890021,40.67898335,54.69816232,53.89724736
43.11220032,40.65923326,54.73054095,53.88903493
42.9340002,40.73701659,54.69815161,53.83758563
43.04772535,40.60969992,54.6947016,53.68522936
43.39787529,40.72715,54.69686254,53.66592937
43.25788364,40.40473323,54.6578906,53.64929053
42.98938362,40.7375332,54.66035154,53.65123489
43.46583356,40.71846668,54.53853845,53.61827363
43.60636696,40.2598416,54.43152973,53.38397186
43.44265024,40.79384161,54.43395234,53.42106416
43.08830034,40.72929989,54.22931454,53.39128736
43.663817,40.81101671,54.18554021,53.37384727
43.4285336,40.58316658,54.17208206,53.32251206
43.56303379,40.6973499,54.13937805,53.14229481
43.66446706,40.64716662,53.99286504,53.12609831
43.91638373,40.62396661,53.91778873,53.07005244
43.68441699,40.90418341,53.90985127,52.87303558
43.67013352,40.8496666,53.90939205,52.88431759
43.92947803,40.74481655,53.82192279,52.87785527
43.96842251,40.99406668,53.65381293,52.87402631
43.75821685,40.43366669,53.64867336,52.79698757
44.04148359,40.84331659,53.61882608,52.62571567
43.86471697,41.20463342,53.40458469,52.58006704
44.12931696,41.11624999,53.21439666,52.36974936
43.89473363,41.24681669,52.94840071,52.08736654
44.09013367,41.21191669,52.80158507,51.84859993
43.9766003,41.59788347,52.61237721,51.816273
43.97021681,41.22031672,52.60254746,51.81843968
44.07176683,41.67871675,52.6577769,51.81960302
44.1816503,41.86140012,52.71863275,51.82568307
43.97828367,41.61568342,52.6426363,51.8244414
44.26861691,41.7104668,52.63992975,51.8203247
43.97698353,41.52140004,52.61690511,51.81956636
44.32585022,42.07350026,52.62433073,51.81757301
44.4873334,41.74496677,52.62773742,51.81939302
44.30818361,41.54596678,52.62604721,51.82270805
44.21083356,42.01235013,52.6184685,51.82153804
43.96438358,41.93251683,52.60823631,51.7875861
44.18541685,41.7635835,52.58161704,51.71735358
43.98735,41.46065004,52.47999954,51.56601193
43.67080567,42.01070018,52.35534933,51.55682171
44.06487796,42.16083351,52.34220931,51.45963215
43.98418683,42.27226684,52.31105921,51.28856562
43.94671915,42.25868358,52.08064926,51.34057082
43.67204463,42.14051685,52.10771382,51.30332181
43.58608332,41.9489668,52.08326265,51.26795036
43.93336681,42.05523914,52.04835405,51.16654115
43.90531673,42.33179466,51.88167798,51.04148196
43.66050003,42.52848355,51.82332194,51.04132307
44.0022501,42.17223361,51.82577469,50.98636482
43.42058332,42.21385019,51.73042171,50.81998496
43.9166334,42.4400002,51.69026973,50.83460033
43.63776672,42.84668361,51.57387032,50.87143343
44.25068353,42.02800013,51.5143645,50.71663402
44.3985836,42.01793348,50.81985796,50.03025032
43.90968355,41.85640014,50.45596297,49.80160176
44.62530038,41.14296672,50.78287353,50.02773238
44.08073369,41.26886677,50.7768994,50.17417798
43.84228376,40.75448341,50.92335932,50.21599339
44.11435025,41.15191665,47.26957841,46.84369916
44.38725026,41.7851834,41.36135325,42.13653773
43.85620013,42.45943364,49.33386895,49.14446744
44.1343335,42.11156696,50.9962474,50.39995
44.26693342,41.58573351,50.73542783,50.12403488
44.03233353,42.07605012,50.49301886,49.9165088
44.31048348,41.70935013,50.23530039,49.68028165
44.44891687,41.84090013,49.96319762,49.42644237
44.16325017,41.49886681,49.68378654,49.1828095
44.31680035,41.51520014,49.44379887,48.96906759
44.29646702,41.25806674,49.21373425,48.69099916
44.36033363,41.38310006,48.94094256,48.65433547
44.02881683,41.2862584,49.13992581,48.66391692
43.90491683,41.2917584,49.23816748,48.7225841
43.82501696,40.60804995,49.42103296,48.9315712
44.09588369,40.97139998,49.5153548,48.98186377
44.03591703,40.80292487,49.71085183,49.18920113
44.11425039,40.53885824,49.89372574,49.20441808
43.63550033,41.05709995,49.99551751,49.45609447
43.61556697,40.79094994,50.11640056,49.62831353
43.44396681,40.81205005,50.30983351,49.76017347
43.08110031,40.48896658,50.52287286,49.98488061
43.21291703,40.75483318,50.71026662,50.17462269
42.42724193,40.59598337,50.93049478,50.29376467
42.56337517,40.72619983,51.11951565,50.54816736
42.50435022,41.21963334,51.3283828,50.77137019
42.7926084,41.01416668,51.52768539,50.82187946
42.7136084,40.7514666,51.692395,51.04812597
42.01385005,41.30032502,51.6381267,51.00593809
41.88073332,40.7425584,51.53172465,50.78784611
41.81193336,40.87041662,51.2595613,50.60992407
41.93816664,41.47090012,51.05411733,50.44151088
41.81906661,41.2192502,50.83251235,50.21907548
41.67313327,41.21066689,50.53549255,49.96789852
41.84896668,41.42353364,50.35261635,49.70067712
41.81221659,41.54157537,50.02083873,49.39991532
41.65154984,41.39235856,49.70143499,49.15427435
41.74838326,41.84246709,49.37664258,48.90710061
41.96431652,42.05428368,49.05921916,48.66053406
42.15335822,41.96460052,48.97901609,48.51796741
41.86990826,42.26413386,49.19934106,48.6877648
42.00923315,42.21395056,49.23886081,48.74879851
42.13636645,42.10406731,49.47057709,48.96367629
42.17654982,42.18565887,49.57176049,49.05200181
41.85631646,42.50559216,49.76572164,49.23388465
42.12657477,42.24441725,50.02274017,49.4143046
42.00600823,42.29893386,50.25941677,49.69146738
42.31598324,42.38815068,50.48624384,49.87678839
42.50913319,42.52285057,50.68395428,50.11153587
42.41696655,42.73140071,50.88993158,50.35204835
42.69956654,42.43493393,51.13957836,50.60847276
42.38344975,42.74826733,51.4052165,50.84160584
42.75429991,42.91680067,51.77460819,51.14792126
42.41848326,43.09216735,52.11488327,51.45597704
42.58804983,42.80896737,52.40183291,51.84758881
42.41198318,42.6197672,52.76578405,52.08321661
43.12539987,42.77215065,53.65216632,52.82154966
43.91331673,43.2632395,54.1223128,53.14791016
43.83089993,43.13856172,54.11325796,53.26703189
44.23160012,43.37343408,54.27572947,53.41922255
43.8584001,43.01058389,54.42956697,53.42116691
43.72381662,43.49856723,54.43043364,53.65003232
43.9188,43.2931506,54.46033389,53.65128315
43.87765002,43.61500061,54.59645144,53.65794183
43.75318326,43.34063398,54.54452285,53.66525705
43.59698329,43.19984226,54.46541232,53.65024838
43.74817497,43.38075901,54.48070072,53.68116732
43.95930845,43.81445066,54.51840103,53.64839918
43.75794994,42.90698392,54.56000137,53.68006628
43.94105001,43.34706731,54.63473823,53.65277907
43.46131097,43.31541735,54.69457487,53.66263436
43.40368889,43.00851728,54.65958102,53.66252753
43.64283343,43.19743394,54.66376208,53.68155739
43.73259999,43.11031728,54.63155149,53.66136325
43.32891651,43.20096724,54.60237631,53.6521234
43.64261683,43.4176007,54.48617561,53.65934539
43.46604992,43.12895059,54.44371232,53.65047962
43.39344995,43.08440072,54.43646941,53.64789797
43.4961167,42.74086734,54.43863609,53.61925482
43.19044977,42.91803391,54.43021697,53.43849771
43.21483325,43.14240067,54.4258836,53.43250181
43.13186659,43.27906736,54.43155032,53.3997254
42.86044984,42.8595006,54.34546674,53.42707377
43.19291665,42.92220065,54.36139738,53.40819444
43.21664998,42.61050064,54.30151082,53.39445341
42.95943321,42.7966506,54.18263264,53.39118384
42.99521656,42.63878396,54.16710971,53.38999939
42.88594989,42.81161727,54.18323223,53.38968161
42.71308311,42.89830057,54.19895068,53.39270052
42.79331661,42.46806726,54.19007772,53.4071162
42.72136654,42.76821732,54.24535573,53.38128985
42.75956666,42.1619172,54.21331855,53.39914431
42.47641658,42.48840069,54.22528519,53.41859758
42.81471652,42.68738401,54.26341903,53.43203307
42.33614995,42.08695058,54.31181684,53.39095729
42.26856642,42.66878396,54.18318489,53.39902233
42.73544995,42.53740071,54.38763771,53.41901887
42.18606645,42.54568407,54.33150493,53.44615985
42.22096659,42.26621736,54.30866629,53.40586978
42.5335499,42.30130068,54.42870029,53.40529848
42.26978319,42.19385063,54.43118213,53.4019112
42.21656645,42.20638392,54.39054056,53.41859202
42.23041661,42.45288396,54.43003642,53.43217751
42.33721654,42.18006741,54.42837529,53.42018853
41.87811649,41.99851725,54.42695297,53.41859962
42.25051653,42.02623391,54.36848069,53.47323881
42.35126663,42.06175065,54.42480026,53.38796454
42.17806651,42.22549232,54.42178823,53.4236291
42.16094989,41.80720899,54.41952569,53.4238087
42.10086657,41.98903392,54.39798659,53.42075728
42.17514993,42.0329673,54.41452055,53.41786629
42.16646648,41.69570056,54.42032103,53.40929851
42.12926649,41.63315048,54.42980913,53.40223452
41.84326635,41.71540052,54.43021697,53.42333234
41.98249154,41.90446721,54.42469193,53.42120782
42.34256935,41.84913386,54.42924197,53.47925817
42.05732209,41.60515066,54.43158921,53.52000046
41.9968166,41.36465044,54.42958954,53.45673327
42.03328327,41.70323383,54.44007714,53.39433723
41.83108316,41.32421718,54.3681617,53.38794729
41.88231661,41.48148376,54.37047845,53.3985565
41.94338324,41.2826505,54.43206633,53.39576983
41.82008327,41.06402549,54.36109241,53.41760735
41.78638322,41.21729213,54.30748024,53.39041677
41.68068314,41.19513377,54.22721061,53.41782136
41.63631663,41.1471059,54.18183286,53.40598051
41.58666657,41.25512808,54.2049898,53.39896368
41.79801661,41.359417,54.17750211,53.39087419
41.75163319,41.25350036,54.168348,53.41440107
41.7157166,41.28175039,54.18679886,53.39038458
41.69181666,40.93495031,54.19891767,53.39191845
41.70526662,40.69960029,54.19607213,53.39978042
41.75880012,40.34600586,54.19852767,53.38999939
41.94385008,40.70027796,54.17497156,53.39400776
41.98668348,40.87186686,54.17773725,53.3903863
42.02548338,40.11700022,54.17579623,53.38733746
41.51133348,40.31513357,54.17231179,53.38133265
41.86548345,40.21081682,54.17041674,53.38037312
42.2943168,40.80021691,54.16740009,53.36062534
42.03656681,40.27618343,54.14183359,53.25999832
41.96593349,40.1837168,54.10673382,53.2001816
41.97921686,40.27130844,54.01235599,53.14361803
42.16868365,40.29627518,53.92789469,53.13379252
42.41643361,40.05145008,53.92156337,53.09960412
42.09621694,40.2139001,53.7843972,52.89686733
42.18811702,40.09888336,53.60955525,52.80110084
42.54298368,40.07643333,53.39043273,52.58183371
42.36288363,39.88681672,53.39038458,52.47999954
42.29963366,40.23418346,53.39664093,52.60891727
42.38128367,40.22433343,53.42500634,52.61021728
42.58532539,40.30861677,53.53126705,52.63403806
42.63672538,39.93981668,53.44038835,52.61421672
42.9237171,40.24261681,53.41934442,52.61071871
42.77228371,39.97021671,53.39639544,52.58687899
42.80043371,40.51082513,53.39231341,52.57983561
43.44881701,40.76199186,53.39077458,52.37469746
43.18360033,40.63308358,53.32028062,52.34808293
43.31748367,40.06875026,53.31636344,52.35626663
43.34530046,40.67711686,53.14944138,52.34684841
43.26405033,40.64555023,53.14623215,52.35322205
43.27601706,41.13176692,53.14580676,52.34189022
43.5219503,41.26341702,53.14001806,52.34652318
43.33885045,40.89956693,53.13483544,52.34376181
43.29771698,40.74498361,53.1434711,52.34499931
43.32378376,40.99350022,53.12967416,52.3444636
43.67983372,40.97730031,53.12968054,52.34155661
43.44420861,41.41971706,53.13140111,52.31252767
43.56927534,41.35910024,53.10183268,52.18891033
43.66693368,41.74680037,53.03423311,52.10932196
43.58903355,41.41761705,53,52.09666148
43.20238352,41.36795033,53,52.12183799
43.42663358,41.72411704,53,52.10470898
43.29726118,41.77523376,53,52.09385728
42.974939,41.71641712,52.94670034,52.07599995
42.89948356,41.44661706,52.9987289,52.08226658
42.78581665,41.74145034,52.87751616,52.07978326
42.9345334,41.86591714,52.87157937,52.08183436
42.04239993,41.55626706,52.86932804,52.05238232
42.68711678,41.45563373,52.86166907,51.94696675
42.31669986,41.4561671,52.84041618,51.86020582
42.10171668,41.68765035,52.70349509,51.85105427
42.21571658,41.03216698,52.60946114,51.82457295
41.75541662,41.46498374,52.62494648,51.81819968
41.52481648,41.35378354,52.62397422,51.79103279
41.77969979,41.05201133,52.5630934,51.58842595
41.74300002,41.05358916,52.34737789,51.56919784
41.57683317,41.00378352,52.29226726,51.42008723
41.3220833,41.26641688,52.08670015,51.30695312
41.42306632,40.35605006,52.05300343,51.26889415
41.25732483,40.81114998,51.84426656,51.04235943
41.25280815,41.05365012,51.7656754,50.99204376
41.53006634,40.81568349,51.53372388,50.76050081
41.48113307,41.26351696,51.22184517,50.48741398
41.82066654,41.10481693,50.67484878,49.90416991
41.76788314,41.01683369,50.06220707,49.45600037
42.09786669,41.6964671,50.20731624,49.55446211
43.0069169,41.99578381,50.07797483,49.5917622
43.50666709,41.41296703,49.9747433,49.33617853
41.6977837,39.85028351,49.9628339,49.27379516
42.28416697,40.32850021,45.28956469,45.07448325
42.11238354,40.10676678,44.23268552,44.13451677
42.15676696,40.2326335,44.56915027,44.55460661
41.85215025,40.18848346,44.81593388,44.85201429
41.85356694,40.61918351,45.05345525,45.03684145
41.88940027,40.26761681,45.12662907,45.18273951
41.47928355,40.20230019,45.29906923,45.2800574
41.8424168,40.04448338,45.29855446,45.47939554
41.8782835,40.39771121,45.3530209,45.54969634
41.43415017,39.78037242,45.53099521,45.55653282
41.89425019,40.46825021,45.4068753,45.55718282
41.73840032,40.24503348,45.53549074,45.55934947
41.80450014,40.77040025,45.5600428,45.56086613
41.40898355,40.52653896,45.55943614,45.56684609
41.6985335,40.47797805,45.56234612,45.56254824
41.8085168,40.56518356,45.55310427,45.58830383
41.63958349,40.8826502,45.59522781,45.58010119
41.7052167,40.55365844,45.68999863,45.59536405
41.52998355,40.3917252,45.79443282,45.77984399
41.60156682,40.10310013,45.81959525,45.8181219
41.54738347,40.18948352,45.82127082,45.82092054
41.46940011,40.4131168,45.83219015,45.82644558
41.27355009,40.15123348,45.82521347,45.84643325
41.27128342,40.61710026,45.83036671,45.897567
41.74873336,40.58493364,45.99640943,46.02419449
41.21550016,40.52653356,46.07645266,46.0668439
41.46838351,40.26218351,46.08194991,46.07905072
41.40470017,40.16315014,46.08174769,46.07956659
41.67050022,40.71425017,46.07406698,46.08251494
41.55623339,40.50480032,46.08692816,46.07869511
40.76780005,40.22046684,46.11300663,46.08851592
41.43721665,40.41793352,46.157531,46.08642
41.88456688,40.60708349,46.32612517,46.31186479
41.77541677,40.45748358,46.3244583,46.34000015
41.56756672,40.51655015,46.33695185,46.34303351
41.25617511,39.87788356,46.3385557,46.34929667
41.36119183,40.54260013,46.35342328,46.37273731
41.4653168,40.61118365,46.35088,46.52456476
41.59355017,40.79752799,46.34449963,46.5987365
41.35385007,40.29385567,46.34192449,46.6030337
41.16054677,40.21810848,46.38649503,46.60061329
41.48562002,40.51694185,46.43317667,46.63622057
41.5662333,40.71086682,46.43436933,46.66985367
41.48533344,40.12001682,46.60089593,46.8588306
41.44438335,40.32781684,46.5988469,46.85985294
41.27046679,40.47728349,46.6038694,46.88809851
41.2126,40.82188347,46.62816687,47.06879561
41.12628344,40.39763356,46.70703302,47.11963973
41.37783348,40.49953355,46.8147169,47.12195961
41.62183344,40.3614502,46.85935061,47.15184185
41.22203355,40.56245014,46.85751363,47.17676714
41.02318355,40.2190002,46.8628745,47.3320078
41.27759204,40.1004585,46.85606299,47.38782697
41.67730853,40.43622518,46.88168553,47.38772959
41.59863357,40.13024173,46.88411675,47.40679899
41.67563351,40.01680849,47.04460081,47.41986557
41.82573364,40.14180006,47.1118554,47.51801527
41.67178361,40.21923345,47.068043,47.59999847
41.84431692,40.4257669,46.95891491,47.41899891
42.06616705,39.90083347,46.8615332,47.38931577
42.24278371,39.9063335,46.866674,47.37804917
42.27865032,40.34660016,46.8340004,47.22680491
42.86248366,40.17043358,46.63835013,47.13785152
43.09901714,39.97773356,46.53169063,47.09371212
43.39446699,40.9130502,46.25137088,46.80131411
43.52771697,41.40733367,45.88702179,46.61094164
43.00376683,41.57986717,45.62086966,46.57846652
42.71553337,41.5357449,45.61528108,46.77519031
42.51306662,41.41553943,49.83742019,50.46907257
42.17370003,41.47415049,56.8533394,56.21060909
42.72546671,41.38188368,57.86677329,57.03282433
43.13197249,41.34289207,58.27183724,57.42049955
43.35417798,41.37627536,58.46250805,57.69046628
43.03653359,40.99130039,59.0451542,58.2438334
43.43258353,41.32583378,59.44976549,58.64759242
43.22508347,41.28376706,59.74709994,58.93467542
42.97956677,41.80231717,60.05182985,59.21007017
42.88950022,41.23016712,60.36928885,59.48351784
42.4593,41.7619171,60.64538284,59.82134308
42.92893342,41.82281724,60.89301029,60.04308225
42.19931666,41.68023386,61.01727787,60.17220127
42.35505012,41.42815047,61.21605381,60.38451758
42.32763334,41.39181716,61.16409635,60.21253997
42.06391678,41.46040048,60.91792344,60.10705248
41.90568335,41.60525042,60.61967424,59.711613
41.80781662,41.29931719,60.38843383,59.55951081
42.30716663,41.32455883,59.97614194,59.15803629
41.63728324,41.49525894,59.57896756,58.72109079
41.72226666,41.26521709,59.24112526,58.2889313
41.57284986,41.28928935,58.90627257,58.07629226
41.30109166,40.80347811,58.86992862,58.04623313
41.41106167,41.09128389,59.00126388,58.13766689
41.60280482,40.67150035,59.20253232,58.38466695
41.46409148,40.78665044,59.51071576,58.69679116
41.34270311,40.89100036,59.87229005,59.03541471
41.14424661,40.6044587,60.26884719,59.39897671
40.97998298,40.62757544,60.67225848,59.8328999
40.81324984,40.79988375,61.14983857,60.36980028
40.77433306,40.40240588,61.51769957,60.70303412
40.84557471,40.57621135,61.7404331,60.92273457
40.85880813,40.20251696,61.4762054,60.65618324
40.75078307,40.10678361,60.79363923,59.98452032
40.73754973,40.21668912,59.9607694,59.06419728
40.75643307,40.38826135,59.29150173,58.40893396
40.91031638,39.7200502,58.93423005,58.13841007
40.49941636,40.05763352,58.87113231,58.06325708
40.55446644,40.06476669,58.86309778,58.08172342
40.43454972,39.96956688,58.95986606,58.1272484
40.73201635,40.0135169,59.21428223,58.39405915
40.66233295,39.95716705,59.53774013,58.73056335
40.659983,39.93221683,59.97712879,59.13830649
40.81694971,40.14042253,60.40579601,59.56028278
40.44719964,39.94929449,60.84184514,60.0075382
40.53949986,40.04146687,61.29155033,60.47889395
40.39183324,39.64436686,61.59868202,60.73894323
40.33103303,40.10635015,61.65492197,60.91526735
40.53494982,39.73071683,61.17790192,60.37489131
40.38368323,39.90569186,60.42695887,59.57917802
40.55129978,39.92802514,59.59545886,58.74575728
40.81779976,39.87703344,58.97450821,58.16090179
40.50773318,39.68930012,58.84486767,57.95886568
40.73224148,39.78038342,58.69928582,57.87636629
40.3910748,39.76121677,58.81153122,58.0509565
40.6813331,40.0160667,59.01427239,58.1856803
40.80783316,39.77813345,59.33086157,58.53849724
40.61919981,39.84206675,59.73514716,58.9376881
40.57679985,39.90763343,60.14688638,59.33273617
40.81250827,39.60970843,60.61636749,59.81025812
41.12219167,39.66944188,61.04943708,60.25526607
41.12433326,39.49460016,61.3940471,60.63859759
41.23536662,39.75381677,61.49904868,60.72860497
41.21194999,39.84935027,61.27357616,60.48499408
41.54319993,39.69881691,60.62042455,59.76048545
41.40626664,39.58976678,59.81821646,59.01452065
41.25491664,39.68613352,59.12134955,58.34111706
41.1131167,39.84311688,58.79082113,58.03137011
41.56331658,39.9480169,58.60576354,57.83083694
41.47731665,40.00416689,58.64120087,57.81905003
41.63016664,39.74692511,58.82247892,57.98865955
41.82045834,39.98727532,58.89412291,58.11383368
41.71417497,39.8040835,59.01951793,58.21046696
41.89625004,39.98475017,59.17616429,58.41586707
41.77689991,39.72706686,59.51963079,58.71035161
41.35536671,40.06690022,59.90030569,59.11620611
41.5307666,40.25955029,60.40166315,59.56033108
41.71306663,40.09786683,60.7874023,60.00930982
41.6798999,40.35806695,61.10537342,60.37540159
41.65428326,40.24716695,61.23240871,60.45503377
41.66981658,40.20736692,60.99245898,60.15411265
41.65391656,40.26175021,60.33688623,59.52282024
41.58193324,39.98666684,59.6906092,58.85033867
41.21650817,40.18228353,58.84830616,58.0026283
41.59552491,40.19378349,57.96527234,57.18598904
41.44334979,40.38470025,57.34358297,56.62457618
41.15139979,40.4957168,57.15795027,56.50636892
41.03848326,40.22740012,57.327314,56.56961721
41.02964976,40.4252,57.69118016,56.92311712
40.85956641,40.31166684,58.25589801,57.46816647
40.84691292,40.38313346,58.81455794,58.03511133
40.69063636,40.45383347,59.28187771,58.54191922
40.70073301,40.22868348,59.66825724,58.91800423
40.75449976,40.08318321,59.91694707,59.1297825
40.6758496,40.05066665,59.89122296,59.10421599
40.63796639,40.23477486,59.53942652,58.76296733
40.47612473,40.18284181,59.21758242,58.46400195
40.51812461,40.05536664,58.7716857,58.01883681
40.53813302,40.13178333,58.33353809,57.5705491
40.61558312,40.07263332,57.88541092,57.12967894
40.65134984,40.05539995,57.45838674,56.66829457
40.63663315,40.10147231,57.00352733,56.25959839
40.69961657,39.99857783,56.54705284,55.7992412
40.69374978,39.91446683,56.07237322,55.32183293
40.78186652,39.86723338,55.62122878,54.8607733
40.7790165,39.86663354,55.07766447,54.28797873
40.71268303,39.8508003,54.49742988,53.72775429
40.77993318,39.90176694,53.83861602,53.07551175
40.75424986,39.9707501,53.1251711,52.42306797
40.71151653,39.98505016,52.4425161,51.71758183
40.6527498,40.09393339,51.6474262,50.94871112
40.60806636,40.15769993,50.39605004,49.72195588
40.65794416,40.2861833,48.60258363,48.07201647
41.29735545,40.29129996,47.44479058,46.99925561
41.67929988,40.32963345,45.69187588,45.22033221
41.29671661,39.80066673,40.68224106,40.71419214
41.75114995,39.74878341,38.90000153,39.03111159
41.59715008,40.04893341,38.98406765,39.0324716
41.10251659,39.89700839,38.90000153,39.03668013
41.32198323,39.50232503,38.85406782,39.05882583
41.21505,39.87833352,38.90000153,39.06380047
41.15201663,39.54605008,38.99403425,39.05330633
41.36171671,39.71056667,38.88468807,39.02880432
41.29378333,40.0779834,38.80091405,39.04634071
41.59424155,39.80543342,38.98637337,39.0410594
41.08727487,39.7476501,38.99866182,39.02699005
41.51808336,39.98401665,38.80683409,39.06063615
41.04313332,39.60948334,38.80163405,39.06039573
41.32403322,39.59983324,39.00409455,39.03647642
41.80940542,39.9918335,38.99914053,39.03088098
41.67646096,40.08056659,38.90000153,39.04450015
41.47364989,39.69676666,38.95113453,39.02393997
41.62646669,39.9970668,38.81680084,39.03310031
41.15153319,39.75626667,38.90000153,39.06521069
41.25895001,40.03513335,38.90000153,39.07376707
41.32895,39.98681658,38.94880441,39.04291935
41.44223327,40.01698328,38.98726443,39.04180662
41.62811654,40.09231108,38.90000153,39.05424243
41.37859987,39.88350549,38.93274206,39.03091659
41.48049987,39.70193321,38.99292685,39.05683763
41.49211655,39.86574987,38.95590117,39.03565931
41.81998341,39.86565008,38.90000153,39.05703882
41.48589993,40.11824162,38.90043486,39.032884
41.49439988,39.61827493,39.00616751,39.04312894
41.62771666,39.7559332,38.91560143,39.05883883
41.28374987,39.83263326,38.90000153,39.04685243
41.60606656,40.10786666,38.95980114,39.05734866
41.4364332,40.01678324,38.94105959,39.05366053
41.46299985,39.91314983,39.00810546,39.04161609
41.7518498,40.08119989,39.02523405,39.04648436
41.44413314,39.95539988,39.01973425,39.03231178
41.69788321,40.01209429,38.82870426,39.04462298
41.5515333,39.8786388,38.96413445,39.03194727
41.79271657,39.86281661,39.01333011,39.04427937
41.40424982,39.79456664,38.99293827,39.03329413
41.4804832,39.83239981,39.01228511,39.04545617
41.92269152,39.92328324,39.02313679,39.06109998
41.6234748,39.74270818,39.02768658,39.06209122
41.47539988,40.06259154,39.02860397,39.05226906
41.64756651,40.09600003,39.00282467,39.01791383
41.64604988,39.89646645,38.97886768,39.02935065
41.5018499,39.95203311,38.99966755,39.03654452
41.63318313,40.37271652,38.91646809,39.04251606
41.6883831,39.72637485,38.90000153,39.03065458
41.65456656,40.09490826,38.96500111,39.05576501
41.68691642,40.08734992,39.0018342,39.08398129
41.42026221,40.03854991,38.90000153,39.04595349
41.63022072,39.76891632,38.98161211,39.05454627
41.55389983,40.05388315,39.03028957,39.05468759
41.69121638,39.66073315,39.01212452,39.10323355
41.55148312,40.1970499,39.00281048,39.05643385
41.47764971,40.05031654,38.95178452,39.04275023
41.36893883,40.27604975,39.00335086,39.0515324
41.36889417,40.15896653,38.96326778,39.02727784
41.42148317,39.93364978,38.99230093,39.06172218
41.62449979,40.28634979,39.03423526,39.05468688
41.83897202,39.92466657,38.99846629,39.07550039
41.76159422,40.26823318,38.98753429,39.05388803
41.59313314,40.43813326,39.00952582,39.05464636
41.74134981,40.45079981,39.02908478,39.04924417
41.79318311,40.08376234,39.01866226,39.06622351
42.02043316,40.20945395,39.00509693,39.05470053
41.61616641,40.21493867,38.97085107,39.06055668
41.73909969,40.08684426,39.03030402,39.0349464
41.76988311,39.91173304,39.03446399,39.05836107
41.69538299,40.10151646,39.01441745,39.0460975
41.73008308,40.12168296,39.02779473,39.05620776
41.68483302,40.21971646,39.02296004,39.05990049
41.66448307,40.3378163,39.00564751,39.05990049
41.66386637,40.25656647,39.02147237,39.02578556
41.56097634,40.44956636,39.01422707,39.03824461
41.95788986,40.6034331,39.01563569,39.04273844
41.62794982,40.32793299,38.99890139,39.05743384
41.38338315,40.35286642,38.92340137,39.07550039
41.80873318,40.26761635,39.02211407,39.0414468
41.74903313,40.33224981,39.03083021,39.05842098
41.88254148,40.25408303,39.00412466,39.04309594
41.74677474,40.25029552,38.99629415,39.0589385
41.62104987,40.56000396,39.0198975,39.08156702
41.61539981,40.17559964,39.00577751,39.06361206
41.42451639,40.42002187,38.99513728,39.05575559
41.91649986,40.64614424,39.03632728,39.0434556
41.39153308,40.52343302,39.02159894,39.05987883
41.64279138,40.03536626,38.99327306,39.11623346
42.05607488,40.49179962,39.02017853,39.0642338
41.74134965,40.6074164,39.03090862,39.15999985
41.80351646,40.17034962,39.02938164,39.09413361
41.77978315,40.77162979,39.04205894,39.15739986
41.92054977,40.33311973,39.00927582,39.05470053
41.55133317,40.37171621,39.0368049,39.07030043
41.7560441,40.6805496,39.02232981,39.06120049
41.58485527,40.40924966,39.03117487,39.06136244
41.84636658,40.86201642,39.03434576,39.06320519
41.75054973,40.50126621,39.02014812,39.09035496
41.99336652,40.50203292,39.03043402,39.15727853
41.99969153,40.60988294,39.03032568,39.04113532
41.77365815,40.45764975,39.02404239,39.01757911
42.01879416,40.37281616,39.02854312,39.05859262
41.81761372,40.68963293,39.00545842,39.04499105
41.71229142,40.76111626,39.02588405,39.05790489
41.71718316,40.81521629,39.0274007,39.09216392
41.79533309,40.74403294,39.03021735,39.0536369
41.97468315,40.70693291,39.02913403,39.02463263
41.90396643,40.55043282,39.00616751,39.0674352
41.91681648,40.68606621,39.03173401,39.06466713
41.79121644,40.62509975,39.03037985,39.10366688
41.88768325,40.87181629,39.03184794,39.06120049
41.87786646,40.66004967,39.02647427,39.03837056
41.82485829,40.99466622,39.02566738,39.16462989
41.67482475,40.76786624,39.03021735,39.03933093
41.78386651,40.50174975,39.02913403,39.06530349
41.66919974,40.694433,39.02967569,39.07187999
41.85585814,40.61673304,39.01463293,39.05702094
41.65255812,40.8557162,39.02283248,39.08503366
41.95341646,40.75804956,39.00194531,39.07853371
42.11914984,40.82941625,39.02566738,39.07246708
41.85259987,40.68291628,39.02733106,39.09066696
41.78078321,40.82384945,39.00233717,39.05815887
41.69513307,40.62506639,39.0174341,39.05167551
41.84218314,40.64343847,39.03115623,39.05773384
41.86184974,40.95479407,39.00501196,39.0856981
41.73443328,40.79589968,38.95828448,39.05316943
41.70914975,40.88611631,39.02889569,39.04845218
41.81281647,41.01224969,39.03058902,39.05618224
41.64846642,40.88554134,39.02553405,39.09630026
41.80266643,40.95629121,39.01953885,39.02894444
42.00076637,41.21189968,39.01599075,39.04857928
41.82375816,41.05476631,39.02912262,39.06187801
41.3954748,40.78589951,39.02747293,39.15999985
41.97784973,41.03376637,39.0297118,39.15999985
42.03126656,40.97831629,39.03000069,39.15999985
41.8652331,41.00996621,39.03000069,39.24189932
41.82224158,40.95783288,39.0274007,39.15999985
41.83137476,40.94125787,39.03000069,39.15999985
42.01506648,41.07297462,39.02956736,39.20213691
42.02019981,40.85616622,39.03119235,39.26346185
41.95279971,41.09903299,39.02905665,39.23539936
41.94214991,40.88706622,39.03148639,39.25273258
41.95489985,40.91181628,39.03000069,39.12360008
41.75594131,41.31321632,39.03520065,39.27128372
41.67082486,40.80301629,39.03170068,39.26191459
41.78016652,41.14199959,39.03096259,39.26746582
41.9015999,40.81146631,39.03253877,39.24059933
42.15956654,40.87973295,39.03037211,39.17169977
42.01119986,41.289583,39.03127592,39.24151242
41.88824163,41.19483308,39.03037624,39.2867526
41.81329993,41.15731623,39.01536505,39.28921423
41.91981374,41.13121636,39.03277133,39.26795116
41.93071102,41.18936626,39.0349324,39.26706526
41.95423322,41.12293297,39.03057846,39.19553295
41.82281661,41.05298292,39.02956736,39.27434626
42.11989975,41.21928864,39.03958812,39.28896853
41.89561645,41.27404423,39.03084929,39.28198239
42.03824969,40.90943301,39.03613954,39.2903193
41.91176649,41.09864969,39.03032568,39.28769778
42.31421645,41.15166634,39.03260067,39.2788067
41.85146646,41.201183,39.02340704,39.28914603
42.03444981,40.95891636,39.04071098,39.28904038
41.87508325,41.55751642,39.02394804,39.28765064
42.11289977,41.33396631,39.0413833,39.291143
41.98519986,41.37058304,39.03225401,39.28495504
41.91930811,41.25745302,39.02948069,39.2961133
42.12992484,41.30714622,39.033554,39.27770745
42.05746648,41.32784969,39.02958402,39.28833188
42.05848321,41.47737457,39.03215067,39.28657681
42.2199915,41.23918317,39.02896069,39.28349905
42.08452494,41.56449148,39.0307229,39.290974
42.02831645,41.46326637,39.03820508,39.28295739
42.02140813,41.62996633,39.03446399,39.28999901
41.89217471,41.39371621,39.03054235,39.28869902
42.20406665,41.54452481,39.03359536,39.28956568
41.89574992,41.45184133,39.02876354,39.28512404
42.22269993,41.51774968,39.02805271,39.28898068
42.18654986,41.38706643,39.03848426,39.2901352
42.3059833,41.48807471,39.04486336,39.28925616
41.97193738,41.4365913,39.0358197,39.29281566
41.98896239,41.77823306,39.03096364,39.29069234
42.09908334,41.36809964,39.03696149,39.29067789
41.82363326,41.50085807,39.02947966,39.28869902
42.36841658,41.58932469,39.03052172,39.29238233
42.29929995,41.77086639,39.03343019,39.28949346
42.38944988,41.58198301,39.03424733,39.29086567
42.18239977,41.71301657,39.03991631,39.29086567
42.3789334,41.60679977,39.03958494,39.28999901
41.84314997,41.4496497,39.02958705,39.29216566
42.2690665,41.72943311,39.03369925,39.28961984
42.05186651,41.61711645,39.02739371,39.29698646
42.66726658,41.75339979,39.03549769,39.29010734
42.31345001,41.65866646,39.03221658,39.28869902
42.60741667,41.61559972,39.03334309,39.29108233
42.36566654,41.82411639,39.04527837,39.29140733
42.32873317,41.62221631,39.03606341,39.29173233
42.29501669,41.62723312,39.03722677,39.29164066
42.17669993,41.81929974,39.03758397,39.29171566
42.10008336,41.76356643,39.04682836,39.28739902
42.16634994,41.65768312,39.03288106,39.29411565
42.46666663,42.08516647,39.03434249,39.29102817
42.67831651,41.87829972,39.02981629,39.29451029
42.25493323,42.08684994,39.03668504,39.29940847
42.65556664,41.64373323,39.03218901,39.29151567
42.35993322,42.08844975,39.03782712,39.28845686
42.70978323,41.96561653,39.03657631,39.29132449
42.47816664,41.78684991,39.04060297,39.2969323
42.43683332,41.59391638,39.03665115,39.290909
42.79246668,41.60483313,39.03414123,39.28856902
42.43285013,42.16586653,39.03661493,39.29017234
42.71846678,42.2664998,39.02828645,39.28947901
42.70956658,41.86813314,39.04994994,39.29090506
42.38268346,41.98151644,39.03748286,39.2899851
42.71475553,41.99644979,39.03792952,39.29387349
42.24601108,41.94018318,39.03081315,39.29108233
42.6078666,42.32383322,39.04883365,39.29050456
42.5810665,42.48423325,39.0285694,39.28932777
42.40343343,42.20476661,39.02899121,39.29087659
42.68086676,42.30103319,39.03506777,39.29152598
42.77919991,42.06728323,39.03391765,39.29101011
42.62045012,42.18251656,39.04820057,39.28754975
42.82025008,42.21786659,39.04262144,39.29114828
43.01245005,41.73389987,39.04176463,39.29303232
42.91311659,42.38063329,39.02863251,39.28925616
43.0078333,42.19141659,39.03157789,39.29074186
42.64801678,42.36544985,39.03062877,39.28999901
42.70571675,42.51246663,39.04076595,39.28804902
42.69276674,42.52608322,39.02900939,39.28949346
42.8117792,42.27716667,39.0543712,39.29078313
42.80425433,42.15831652,39.04459605,39.29102043
42.94437499,42.30201665,39.02657609,39.291949
43.0479834,42.40379992,39.04401262,39.28999901
42.85952503,42.18389995,39.04227508,39.28956568
43.00528336,42.69429997,39.02867819,39.29090178
42.95334187,42.2461666,39.04456577,39.29169622
43.1127417,42.29421654,39.03057846,39.2902879
43.14434997,42.72207902,39.03462288,39.2879768
43.08527503,42.63004859,39.03086735,39.29043234
42.7766085,42.37591385,39.03114592,39.28768791
42.91895006,42.62365843,39.0522553,39.29026163
43.00781679,42.49883325,39.02430025,39.29074749
43.08925013,42.4830666,39.03523227,39.2896379
43.13096667,42.45661664,39.03622664,39.28992679
43.44431676,42.83251676,39.03379852,39.28956568
43.12719995,42.68285003,39.03538291,39.28857521
43.2115668,42.43555001,39.03283008,39.27276251
43.39406678,42.64551662,39.0279207,39.28915943
43.40631676,42.77856679,39.04382393,39.29467701
43.63101679,42.61539175,39.03039068,39.28813766
43.52798338,42.93682515,39.03653676,39.28404071
43.48055007,42.9208334,39.05206443,39.29420134
43.2309002,42.73375001,39.03913396,39.26337182
43.70646664,43.21546673,39.03257507,39.27911158
43.41925018,42.58661674,39.03259293,39.28379396
43.51656675,43.03483343,39.03433399,39.2689584
43.66590014,42.80681671,39.02913403,39.15999985
43.72375018,42.57063328,39.02891736,39.05556719
43.91777516,42.72918342,39.03056402,39.06163382
43.85692507,42.92306668,39.02997902,39.15956652
43.83163357,42.61353327,39.02967569,39.05166721
43.80323348,42.97206661,39.02942291,39.05991133
43.88068347,42.94335005,39.02689515,39.05512302
43.59448358,43.18865005,39.02928879,39.08850031
43.83326684,43.19058341,39.02643345,39.02603138
44.17491676,43.01655015,39.01918548,39.03975753
44.01870019,42.84086675,39.02884514,39.05801294
44.23231679,42.84104998,39.01263537,39.04292036
43.99945011,43.04058341,39.00966625,39.05174746
44.11540025,43.05785015,38.98536764,39.06943377
44.4519001,43.01951673,38.90000153,39.03954634
44.4014168,43.0334001,38.80813662,39.03302162
44.11191689,42.94088341,38.77422626,39.03021735
44.27190023,43.21845009,38.78366276,39.02880903
44.35015018,43.10283351,38.7785545,39.03058463
44.51015016,43.1213834,38.77128936,39.02029933
44.33091697,42.76840001,38.77195047,39.02750787
44.41458362,43.04958339,38.77026195,39.00748614
44.54300027,42.74796654,38.7786397,38.94376774
44.44878359,42.65914995,38.77216219,38.89696992
44.42315029,42.96000003,38.77004998,38.79773205
44.52575015,42.90904992,38.76913378,38.80033404
44.65856693,42.96030003,38.77069689,38.79426732
44.24456676,42.92633329,38.77010879,38.7999007
44.45951678,43.02998333,38.76174972,38.77748537
44.87453362,42.7262833,38.76741777,38.78367434
44.90685021,42.74263329,38.74833361,38.79304203
44.90225017,42.56643325,38.71930027,38.76948045
44.57385024,42.44138325,38.6814918,38.78529331
44.68645011,42.93094999,38.65024864,38.7745111
45.01170012,42.85596656,38.52024567,38.77010879
44.65493354,42.87773328,38.51947133,38.77025324
44.86303371,42.77566668,38.5304101,38.76942268
44.98093345,42.95848328,38.52338786,38.77019004
44.98441691,42.63503325,38.51286249,38.74684402
44.67651686,42.51099988,38.51216688,38.7305668
44.94408349,42.81086661,38.51030356,38.63999939
45.19840026,42.88129997,38.5090469,38.63999939
45.14225025,42.60948328,38.4883337,38.53234433
44.96983365,42.76326656,38.48985359,38.5340225
45.0375169,42.61960825,38.48681381,38.51303354
45.08055024,42.45115813,38.38000107,38.5142252
45.3042669,42.2279831,38.33060066,38.5085919
45.05690029,42.59559991,38.33295306,38.50788068
45.14998351,42.71903322,38.24799895,38.50583649
44.97625028,42.28563313,38.25961539,38.50939838
44.96308352,42.22814965,38.24584391,38.35070211
45.07233356,42.68191652,38.25198941,38.34360077
44.89668351,42.48284981,38.25454034,38.26715102
44.94041693,42.53489989,38.2469619,38.24228819
45.10465021,42.14519967,38.19634744,38.28432782
44.91830022,42.41943314,38.00710569,38.25924452
44.77144201,42.06676645,37.9787918,38.25187779
44.86794185,41.96754978,38.01649876,38.25014445
44.78543357,42.42714975,38.00288964,38.2504875
45.24221696,42.30908311,37.9887453,38.25232919
44.79123367,42.14143308,37.98515406,38.24946555
44.87361701,42.17123303,37.99515586,38.25075112
44.87553366,42.38546647,37.99161176,38.26194772
45.10656702,42.53319983,38.10478618,38.26246987
44.68051694,42.00524981,37.99023157,38.25033913
44.7101836,41.9534997,37.99758253,38.26130393
45.23985025,42.17871643,38.02457607,38.27113981
45.09511696,42.39394965,38.00594364,38.2656156
44.70901686,42.35508303,38.07331042,38.26300527
44.8104559,41.91008866,38.22475235,38.27207955
44.84368649,42.3150775,38.10058009,38.25611487
44.86602532,42.15816633,38.24956666,38.27768541
44.97130025,42.6189165,38.24869999,38.27261807
44.87943365,42.12361631,38.25209826,38.28024898
44.29294469,42.28893302,38.24856841,38.3962192
44.81793919,42.5093831,38.25106668,38.44283853
44.86605027,42.14803306,38.26950016,38.50915957
44.82595023,41.78319959,38.27903357,38.50241694
44.56341699,42.04626628,38.26306201,38.49050035
44.61356693,42.03664961,38.24934511,38.5062447
44.56803363,41.72059958,38.26142641,38.5124016
44.72158367,42.05986633,38.25429004,38.50880857
44.17733368,42.34854144,38.25522322,38.50919758
44.33933357,41.71787456,38.27385368,38.51909342
43.88446691,41.79941624,38.42917581,38.51407766
44.25983358,41.85339959,38.30802307,38.51376889
44.42095029,41.73696629,38.41536873,38.51630034
44.40426695,42.2861663,38.38000107,38.53387568
44.35583369,41.76709956,38.38000107,38.54819241
44.33560858,42.24768305,38.49858919,38.53550764
43.95225855,41.73613298,38.51794462,38.53036676
43.77467244,41.83201625,38.5095669,38.59883299
44.26221139,42.00229968,38.50877246,38.69775138
44.12343362,42.27453301,38.51306965,38.74171538
44.31985017,42.01381638,38.50935857,38.72406675
44.25045027,42.46691632,38.51183355,38.75213364
44.09083358,41.85694969,38.5117026,38.77003855
44.02888362,42.01421629,38.51114546,38.76876235
43.96297531,41.89378302,38.5273025,38.76913378
43.75175862,42.08871634,38.49788364,38.76935045
43.66183364,42.04628295,38.51878017,38.77065046
44.08088348,41.85379956,38.52831473,38.76942268
43.6768003,41.77481628,38.51465224,38.76918537
43.71238359,42.18646631,38.51735155,38.76800199
43.85648359,41.91203292,38.69493173,38.79289195
43.72363365,41.81203289,38.66942595,38.8081341
43.90526693,41.66909962,38.66517091,38.81030079
43.61338354,41.86524965,38.72712242,38.7695734
43.46856681,42.08054963,38.7698195,38.78923434
43.32240026,41.59974958,38.76705932,38.78629392
43.46865031,42.07736638,38.76724155,38.78950062
43.77748354,41.98078303,38.77046268,38.83716768
43.68396678,42.08708299,38.77137991,38.77627582
43.27088339,41.97671637,38.76997879,38.79969206
43.59375024,41.97716619,38.7705638,38.91603455
43.50926674,42.07401633,38.76942924,38.90000153
43.21378351,42.37403311,38.769655,38.96326745
43.46098347,42.22839975,38.76899601,38.99998685
43.3541836,42.55676644,38.77258965,39.02712956
43.20326686,42.31789975,38.79121591,39.02894143
43.33548348,42.0160664,38.79600067,39.01793965
43.30220004,42.26569966,38.77421979,39.02908244
43.24440012,42.51108313,38.76402151,39.0297345
43.23835018,42.17049977,38.78200415,39.02887403
43.4826501,42.22893304,38.79095663,39.02855625
43.09798347,42.10483314,38.84930111,39.03247428
43.28315021,42.84703323,38.78743657,39.02962152
43.35728349,42.57643306,38.790698,39.03850293
43.28243338,42.4159333,38.82018729,39.0407944
43.08108335,42.2561832,38.79174755,39.04321484
42.94643333,42.4643833,38.86100121,39.04545189
43.14910014,42.45211652,38.93957905,39.0499856
42.95855017,42.15031649,39.0107897,39.05002056
43.35648336,42.33909987,38.99631176,39.10170566
42.99910007,42.23078321,39.01751658,39.05276177
42.7711001,42.66944994,39.02807403,39.05210054
43.15673336,42.78289989,39.02338255,39.14743326
43.09685008,42.64346659,39.02575223,39.22629942
42.86763357,42.70351658,39.03176734,39.20636621
43.36733897,42.35564995,39.02916736,39.26414362
42.47637774,42.75763332,39.02863125,39.19885515
43.49470839,42.27726667,39.02966537,39.27959908